Opening cellspan1-1.txt
Opening cellspan1-2.txt
Opening cellspan2-1.txt
Opening cellspan2-2.txt
Opening cellspan3-1.txt
Opening cellspan3-2.txt
Opening cellspan4-1.txt
Opening cellspan5-1.txt
Opening cellspan6-1.txt
Opening cellspan7-1.txt
Opening cellspan7-2.txt
Opening cellspan8-1.txt
Opening cellspan9-1.txt
Opening cellspan10-1.txt
Opening cellspan10-2.txt
Opening cellspan11-1.txt
Opening cellspan12-1.txt
Opening cellspan13-1.txt
Opening cellspan14-1.txt
Opening cellspan14-2.txt
Opening cellspan15-1.txt
Opening cellspan16-1.txt
Opening cellspan16-2.txt
Opening cellspan17-1.txt
Opening cellspan17-2.txt
Opening cellspan18-1.txt
Opening cellspan18-2.txt
Opening cellspan19-1.txt
Opening cellspan20-1.txt
Opening cellspan20-2.txt
Opening cellspan21-1.txt
Opening cellspan22-1.txt
Opening cellspan22-2.txt
Opening cellspan23-1.txt
Opening cellspan24-1.txt
Opening cellspan24-2.txt
Opening cellspan26-1.txt
Opening cellspan27-1.txt
Opening cellspan28-1.txt
Opening cellspan29-1.txt
Opening cellspan29-2.txt
Opening cellspan30-1.txt
Opening cellspan31-1.txt
Opening cellspan32-2.txt
Opening cellspan33-1.txt
Opening cellspan34-1.txt
Opening cellspan35-1.txt
Opening cellspan35-2.txt
Opening cellspan36-1.txt
Opening cellspan37-1.txt
Opening cellspan37-2.txt
Opening cellspan38-1.txt
Opening cellspan39-1.txt
Opening cellspan39-2.txt
Opening cellspan40-1.txt
Opening cellspan41-1.txt
Opening cellspan41-2.txt
Opening cellspan42-1.txt
Opening cellspan43-1.txt
Opening cellspan44-1.txt
Opening cellspan45-1.txt
Opening cellspan46-1.txt
Opening cellspan47-1.txt
Opening cellspan49-1.txt
Opening cellspan50-1.txt
Opening cellspan50-2.txt
Opening cellspan51-1.txt
Opening cellspan54-1.txt
Opening cellspan56-1.txt
Opening cellspan57-1.txt
Opening cellspan57-2.txt
Opening cellspan58-1.txt
Opening cellspan59-1.txt
Opening cellspan60-1.txt
Opening cellspan60-2.txt
Opening cellspan61-1.txt
Opening cellspan62-1.txt
Opening cellspan63-1.txt
Opening cellspan65-1.txt
Opening cellspan65-2.txt
Opening cellspan66-1.txt
Opening cellspan68-1.txt
Opening cellspan69-1.txt
Opening cellspan70-1.txt
Opening cellspan71-1.txt
Opening cellspan72-1.txt
Opening cellspan72-2.txt
Opening cellspan73-1.txt
Opening cellspan73-2.txt
Opening cellspan74-1.txt
Opening cellspan74-2.txt
Opening cellspan75-1.txt
Opening cellspan76-1.txt
Opening cellspan76-2.txt
Opening cellspan77-1.txt
Opening cellspan77-2.txt
Opening cellspan78-1.txt
Opening cellspan78-2.txt
Opening cellspan79-1.txt
Opening cellspan80-1.txt
Opening cellspan81-1.txt
Opening cellspan81-2.txt
Opening cellspan82-1.txt
Opening cellspan82-2.txt
Opening cellspan83-1.txt
Opening cellspan84-1.txt
Opening cellspan85-1.txt
Opening cellspan86-1.txt
Opening cellspan86-2.txt
Opening cellspan88-1.txt
Opening cellspan89-1.txt
Opening cellspan90-1.txt
Opening cellspan91-1.txt
Opening cellspan91-2.txt
Opening cellspan92-1.txt
Opening cellspan93-1.txt
Opening cellspan94-1.txt
Opening cellspan94-2.txt
Opening cellspan95-1.txt
Opening cellspan95-2.txt
Opening cellspan96-1.txt
Opening cellspan97-1.txt
RANKED SIMILARITIES: 1
1 56 0.886045799023
1 59 0.886045799023
1 81 0.889381962646
1 11 0.894098504143
1 5 0.894240208638
1 75 0.896841475747
1 32 0.897100459168
1 9 0.898350260696
1 3 0.89933961186
1 26 0.899408754351
1 58 0.900517586547
1 6 0.901314736793
1 79 0.904526045673
1 40 0.908214466038
1 69 0.908262476741
1 44 0.909555345174
1 93 0.911854334325
1 27 0.91209198737
1 89 0.912457012153
1 96 0.915911391439
1 47 0.920644539297
1 71 0.920899626732
1 95 0.924862105842
1 76 0.925091246245
1 51 0.926403261489
1 43 0.929478823437
1 80 0.936465708223
1 62 0.93684319695
1 24 0.938884068556
1 21 0.941092605875
1 29 0.941273058407
1 8 0.941435772778
1 65 0.941956212458
1 12 0.944919857976
1 97 0.946488355344
1 94 0.95024985222
1 63 0.950263771259
1 66 0.956100952914
1 68 0.959171892305
1 33 0.960727671007
1 92 0.960792108861
1 57 0.965369012064
1 50 0.969839583023
1 61 0.975462466762
1 82 0.976989487666
1 19 0.977799857446
1 31 0.984377227306
1 70 0.987378760099
1 15 0.993227428253
1 73 0.996393460147
1 38 0.997623657873
1 88 1.00385095571
1 4 1.00560691333
1 14 1.01077767358
1 72 1.01687523249
1 86 1.02131802241
1 13 1.02489642762
1 34 1.02773325439
1 84 1.05257233455
1 83 1.07158303777
1 35 1.07944011483
1 16 1.08305378421
1 46 1.10362307576
1 78 1.18708563664
1 36 1.22567911972
1 49 1.26077813282
1 74 1.26160322328
1 28 1.30277199055
1 18 1.35777468168
1 54 1.36620803026
1 30 1.37149621949
1 37 1.37845654173
1 10 1.38694950153
1 23 1.40030828985
1 20 1.40454821892
1 45 1.40697345441
1 17 1.41177657697
1 91 1.46595228105
1 85 1.47920929742
1 22 1.49280237712
1 7 1.49283103962
1 2 1.53506500927
1 39 1.55035461743
1 42 1.57390726474
1 77 1.57961392638
1 90 1.62036225379
1 41 1.63724071154
1 60 1.82819481764
1 25 inf
1 48 inf
1 52 inf
1 53 inf
1 55 inf
1 64 inf
1 67 inf
1 87 inf
RANKED SIMILARITIES: 2
2 85 0.199848967139
2 5 0.645708057823
2 56 0.649019210248
2 59 0.649019210248
2 81 0.652355373871
2 11 0.657270982784
2 9 0.657326141975
2 75 0.659818051875
2 32 0.660073870393
2 47 0.660551135652
2 3 0.662313023085
2 26 0.66264719165
2 58 0.663809357527
2 6 0.664288148018
2 79 0.667508951607
2 65 0.671201671209
2 69 0.671235887965
2 40 0.67132770843
2 44 0.672528756399
2 27 0.675291807199
2 89 0.675430423378
2 93 0.67818426899
2 96 0.678884802663
2 71 0.684053149706
2 95 0.687841846873
2 76 0.688082208295
2 51 0.689383002519
2 43 0.692452234661
2 80 0.699439119448
2 62 0.699816608175
2 12 0.701463679615
2 21 0.7040660171
2 8 0.704421731937
2 24 0.704633462171
2 29 0.705948160899
2 97 0.709627204677
2 78 0.711747238282
2 94 0.713235330892
2 82 0.714132884255
2 63 0.716278674257
2 15 0.716648008228
2 66 0.719567717676
2 68 0.722174963876
2 33 0.723709138348
2 92 0.724547746157
2 19 0.727828754707
2 57 0.728342423289
2 50 0.732812994248
2 61 0.738450839347
2 4 0.747279109371
2 31 0.747361859551
2 70 0.750623965031
2 73 0.759410892295
2 38 0.760597069098
2 88 0.766837026542
2 14 0.774614947518
2 72 0.77984864371
2 13 0.780163198458
2 86 0.784291433638
2 34 0.790712995424
2 84 0.815545745779
2 83 0.834601900038
2 16 0.846033525238
2 35 0.847073641215
2 46 0.869397137819
2 36 0.994778770184
2 74 1.02457663451
2 49 1.02603450206
2 28 1.06574540177
2 18 1.12074809291
2 54 1.12920676071
2 30 1.13446963071
2 37 1.14142995295
2 10 1.14992291275
2 20 1.16829057869
2 45 1.16995003054
2 23 1.17190778793
2 17 1.17534258873
2 91 1.18837732722
2 7 1.26145461292
2 22 1.26461621349
2 39 1.31332802866
2 42 1.33688067596
2 77 1.35128933277
2 90 1.38333566501
2 41 1.40021412276
2 60 1.59396975623
2 25 inf
2 48 inf
2 52 inf
2 53 inf
2 55 inf
2 64 inf
2 67 inf
2 87 inf
RANKED SIMILARITIES: 3
3 75 0.00543936521319
3 79 0.0106581357599
3 56 0.013293812837
3 59 0.013293812837
3 32 0.0154297286114
3 81 0.0166299764601
3 44 0.0167205397324
3 89 0.0186404760465
3 11 0.0213727452027
3 5 0.0214882224523
3 9 0.0255982745099
3 26 0.0267489540686
3 40 0.0268200844828
3 58 0.0279111199463
3 6 0.028562750607
3 69 0.0295374790813
3 76 0.0329889473033
3 95 0.0342694218764
3 27 0.0393935696185
3 93 0.0422860314095
3 96 0.0431594052528
3 51 0.0463913513307
3 8 0.0475709160903
3 47 0.0478925531112
3 71 0.0481549121253
3 97 0.0566324423271
3 43 0.0567268372507
3 94 0.0616992519295
3 80 0.0637137220369
3 62 0.0640912107644
3 63 0.0678826039567
3 21 0.0683406196889
3 24 0.0687322104788
3 12 0.0687453361093
3 65 0.0692042262723
3 68 0.0703372948339
3 33 0.0759074810059
3 66 0.0836694800954
3 92 0.0884690340156
3 57 0.0926170258784
3 29 0.0959464291677
3 50 0.097087596837
3 61 0.102552601766
3 82 0.10423750148
3 19 0.10504787126
3 73 0.106293706877
3 31 0.109046390794
3 70 0.11472572745
3 88 0.117310390895
3 14 0.117754300875
3 15 0.120475442067
3 38 0.124871671688
3 4 0.132854927146
3 34 0.133847871616
3 72 0.144046537757
3 86 0.148566036228
3 13 0.15214444143
3 84 0.179820348369
3 83 0.182205979331
3 16 0.198511691472
3 35 0.201995530917
3 46 0.233488542653
3 78 0.31433365045
3 36 0.358880532603
3 74 0.388851237097
3 49 0.390309104648
3 28 0.430020004364
3 18 0.47630342399
3 54 0.479536633657
3 37 0.494066838674
3 30 0.498744233303
3 10 0.514197515341
3 45 0.529015671688
3 20 0.529026884547
3 23 0.535530182297
3 17 0.539444351149
3 91 0.593200294864
3 7 0.603673618572
3 85 0.606457311231
3 22 0.62858579524
3 2 0.662313023085
3 39 0.677602631245
3 42 0.701155278553
3 77 0.715391095185
3 90 0.747610267601
3 41 0.750336965318
3 60 0.958071518649
3 25 inf
3 48 inf
3 52 inf
3 53 inf
3 55 inf
3 64 inf
3 67 inf
3 87 inf
RANKED SIMILARITIES: 4
4 5 0.111414501842
4 9 0.115072624218
4 47 0.119245905695
4 56 0.119561114309
4 59 0.119561114309
4 81 0.122897277933
4 6 0.124936923536
4 11 0.127812886846
4 75 0.130359955936
4 32 0.130615774455
4 3 0.132854927146
4 26 0.133189095711
4 58 0.134351261589
4 79 0.138050855669
4 12 0.140751988965
4 65 0.141102522619
4 69 0.141777792027
4 40 0.141869612491
4 44 0.143070660461
4 27 0.145833711261
4 89 0.145972327439
4 93 0.148726173052
4 96 0.149426706725
4 71 0.154595053768
4 95 0.158383750934
4 76 0.158624112357
4 51 0.159924906581
4 43 0.162994138723
4 80 0.169981023509
4 19 0.169992115013
4 62 0.170358512237
4 29 0.172752143254
4 21 0.174607921161
4 8 0.174963635999
4 24 0.175175366233
4 97 0.180169108739
4 15 0.181793540498
4 94 0.183777234953
4 82 0.185091097525
4 63 0.186820578319
4 66 0.190109621738
4 68 0.192716867938
4 33 0.19425104241
4 92 0.195089650219
4 57 0.198884327351
4 50 0.203354898309
4 61 0.208992743408
4 31 0.217903763613
4 70 0.221165869093
4 73 0.229952796356
4 38 0.23113897316
4 13 0.234278913844
4 88 0.237378930604
4 14 0.24515685158
4 72 0.250390547772
4 86 0.2548333377
4 34 0.261254899486
4 84 0.286087649841
4 83 0.3051438041
4 16 0.3165754293
4 35 0.317615545277
4 46 0.339939041881
4 78 0.376178905597
4 36 0.465320674246
4 74 0.495118538569
4 49 0.49657640612
4 28 0.536287305836
4 18 0.59128999697
4 54 0.599748664772
4 30 0.605011534776
4 37 0.611971857013
4 10 0.620464816813
4 20 0.638832482751
4 45 0.6404919346
4 23 0.642449691994
4 17 0.645884492792
4 85 0.672906751796
4 91 0.673407274981
4 7 0.731996516977
4 22 0.735158117557
4 2 0.747279109371
4 39 0.783869932718
4 42 0.807422580026
4 77 0.821831236828
4 90 0.853877569073
4 41 0.870756026827
4 60 1.06451166029
4 25 inf
4 48 inf
4 52 inf
4 53 inf
4 55 inf
4 64 inf
4 67 inf
4 87 inf
RANKED SIMILARITIES: 5
5 56 0.00819440961534
5 59 0.00819440961534
5 81 0.0115305732385
5 9 0.0139384995129
5 11 0.0164461821514
5 75 0.0189932512423
5 32 0.0192490697606
5 3 0.0214882224523
5 26 0.0218223910173
5 58 0.022984556895
5 6 0.0234633473854
5 79 0.0266841509745
5 69 0.0304110873332
5 40 0.0305029077974
5 47 0.0309640112163
5 44 0.0317039557665
5 27 0.0344670065672
5 89 0.0346056227454
5 93 0.0373594683582
5 96 0.0380600020312
5 71 0.043228349074
5 95 0.0470170462404
5 76 0.0472574076631
5 51 0.048558201887
5 65 0.0512986279155
5 43 0.0516274340291
5 12 0.0575262906952
5 80 0.0586143188153
5 62 0.0589918075427
5 21 0.0632412164672
5 8 0.063596931305
5 24 0.0638086615387
5 97 0.0688024040451
5 94 0.0724105302593
5 29 0.0745236608022
5 63 0.0754538736247
5 66 0.0787429170441
5 68 0.0813501632441
5 33 0.0828843377156
5 19 0.0836752544887
5 92 0.0837229455248
5 57 0.0875176226568
5 82 0.0891877685693
5 50 0.0919881936154
5 61 0.0976260387142
5 15 0.0990026193461
5 31 0.106537058918
5 70 0.109799164399
5 4 0.111414501842
5 73 0.118586091662
5 38 0.119772268466
5 88 0.12601222591
5 14 0.133790146886
5 13 0.134455140635
5 72 0.139023843078
5 86 0.143466633006
5 34 0.149888194792
5 84 0.174720945147
5 83 0.193777099406
5 16 0.205208724606
5 35 0.206248840583
5 46 0.228572337187
5 78 0.29694335179
5 36 0.353953969552
5 74 0.383751833875
5 49 0.385209701426
5 28 0.424920601142
5 18 0.479923292276
5 54 0.488381960078
5 30 0.493644830082
5 37 0.500605152319
5 10 0.509098112119
5 20 0.527465778057
5 45 0.529125229906
5 23 0.5310829873
5 17 0.534517788097
5 91 0.576218779877
5 85 0.585041549097
5 7 0.620629812283
5 22 0.623791412863
5 2 0.645708057823
5 39 0.672503228023
5 42 0.696055875332
5 77 0.710464532134
5 90 0.742510864379
5 41 0.759389322133
5 60 0.953144955597
5 25 inf
5 48 inf
5 52 inf
5 53 inf
5 55 inf
5 64 inf
5 67 inf
5 87 inf
RANKED SIMILARITIES: 6
6 56 0.01526893777
6 59 0.01526893777
6 81 0.0186051013931
6 5 0.0234633473854
6 11 0.0235207103061
6 75 0.026067779397
6 32 0.0263235979152
6 9 0.0274561268373
6 3 0.028562750607
6 26 0.0288969191719
6 58 0.0300590850497
6 79 0.0337586791292
6 69 0.0374856154878
6 40 0.0375774359521
6 44 0.0387784839212
6 27 0.0415415347218
6 89 0.0416801509
6 93 0.0444339965128
6 96 0.0451345301859
6 47 0.0498508816999
6 71 0.0503028772287
6 95 0.054091574395
6 76 0.0543319358178
6 51 0.0556327300416
6 43 0.0587019621837
6 80 0.06568884697
6 62 0.0660663356974
6 21 0.0703157446219
6 8 0.0706714594596
6 24 0.0708831896933
6 65 0.0711281217674
6 12 0.0740097221129
6 97 0.0758769321998
6 94 0.079485058414
6 63 0.0825284017794
6 66 0.0858174451987
6 68 0.0884246913987
6 33 0.0899588658702
6 92 0.0907974736795
6 57 0.0945921508115
6 29 0.0975017482396
6 50 0.09906272177
6 61 0.104700566869
6 19 0.105231564805
6 82 0.106121027494
6 31 0.113611587073
6 70 0.116873692553
6 15 0.122376225206
6 4 0.124936923536
6 73 0.125660619817
6 38 0.126846796621
6 88 0.133086754064
6 14 0.140864675041
6 72 0.146098371233
6 86 0.150541161161
6 13 0.153878767295
6 34 0.156962722946
6 84 0.181795473302
6 83 0.200851627561
6 16 0.21228325276
6 35 0.213323368738
6 46 0.235646865341
6 78 0.303820554239
6 36 0.361028497707
6 74 0.39082636203
6 49 0.392284229581
6 28 0.431995129297
6 18 0.48699782043
6 54 0.495456488233
6 30 0.500719358236
6 37 0.507679680473
6 10 0.516172640274
6 20 0.534540306211
6 45 0.53619975806
6 23 0.538157515455
6 17 0.541592316252
6 91 0.595172373279
6 85 0.608376011079
6 7 0.627704340437
6 22 0.630865941017
6 2 0.664288148018
6 39 0.679577756178
6 42 0.703130403487
6 77 0.717539060289
6 90 0.749585392534
6 41 0.766463850287
6 60 0.960219483752
6 25 inf
6 48 inf
6 52 inf
6 53 inf
6 55 inf
6 64 inf
6 67 inf
6 87 inf
RANKED SIMILARITIES: 7
7 8 0.587110273808
7 89 0.590585736165
7 79 0.600169239376
7 95 0.600464230742
7 32 0.601538765529
7 3 0.603673618572
7 75 0.6042053175
7 44 0.60882904323
7 56 0.612435402667
7 59 0.612435402667
7 81 0.615771566291
7 5 0.620629812283
7 11 0.620687175204
7 40 0.622804008364
7 9 0.62473986434
7 26 0.626063384069
7 58 0.627225549947
7 6 0.627704340437
7 69 0.628444732161
7 97 0.628595953942
7 14 0.629430345028
7 76 0.63097305607
7 27 0.638707999619
7 93 0.64160046141
7 96 0.642300995083
7 33 0.643029401825
7 94 0.64321699924
7 68 0.644613434049
7 51 0.645532941161
7 47 0.647034142942
7 71 0.647469342126
7 43 0.655868427081
7 63 0.656901544892
7 80 0.662855311867
7 62 0.663232800595
7 21 0.667482209519
7 12 0.66788692594
7 24 0.668049654591
7 65 0.668345816103
7 66 0.681695702143
7 73 0.685626473957
7 92 0.687963938577
7 34 0.691388624397
7 57 0.691758615709
7 29 0.69506892894
7 50 0.696229186667
7 16 0.698216780797
7 61 0.701867031766
7 31 0.702120511337
7 82 0.703379091311
7 88 0.703848950664
7 19 0.70418946109
7 54 0.705629334817
7 18 0.707837959252
7 70 0.714040157451
7 15 0.719617031897
7 38 0.724013261518
7 4 0.731996516977
7 72 0.743176117449
7 86 0.747707626058
7 13 0.75128603126
7 83 0.778170035879
7 84 0.778961938199
7 35 0.801015919774
7 46 0.832813330239
7 78 0.913456305546
7 36 0.958194962604
7 37 0.958888581012
7 74 0.987992826927
7 49 0.989384886095
7 28 1.02916159419
7 30 1.09788582313
7 10 1.11333910517
7 45 1.12643890145
7 20 1.12816137027
7 23 1.1348446123
7 17 1.13875878115
7 91 1.19234188469
7 85 1.20559890106
7 22 1.2280271964
7 2 1.26145461292
7 39 1.27674422108
7 42 1.30029686838
7 77 1.31470552519
7 41 1.34058935803
7 90 1.34675185743
7 60 1.55738594865
7 25 inf
7 48 inf
7 52 inf
7 53 inf
7 55 inf
7 64 inf
7 67 inf
7 87 inf
RANKED SIMILARITIES: 8
8 89 0.0370169573532
8 95 0.0429881749014
8 79 0.0433998421864
8 75 0.0465385136797
8 44 0.0474828818598
8 3 0.0475709160903
8 32 0.0522665537861
8 56 0.0554025216896
8 59 0.0554025216896
8 81 0.0587386853128
8 5 0.063596931305
8 11 0.0636542942257
8 40 0.0642119963519
8 9 0.0677069833626
8 26 0.0690305030916
8 58 0.0701926689693
8 6 0.0706714594596
8 69 0.0716239181064
8 76 0.0736866135287
8 97 0.0739954143605
8 94 0.0800216671962
8 27 0.0816751186415
8 33 0.0818725393503
8 93 0.0845675804325
8 96 0.0852681141055
8 51 0.0884663916596
8 47 0.0900012619638
8 71 0.0904364611483
8 68 0.0971719817502
8 43 0.0988355461034
8 63 0.101022449184
8 80 0.10582243089
8 62 0.106199919617
8 14 0.109993400725
8 21 0.110449328542
8 12 0.110854044962
8 24 0.111016773613
8 65 0.111312935125
8 66 0.124122143076
8 73 0.127935063693
8 92 0.130931057599
8 57 0.134725734731
8 29 0.13805513802
8 50 0.13919630569
8 34 0.139528086748
8 31 0.139533382185
8 61 0.144834150789
8 82 0.146346210333
8 19 0.147156580112
8 88 0.148010524724
8 70 0.157007276473
8 15 0.162584150919
8 38 0.16698038054
8 4 0.174963635999
8 72 0.185541642677
8 86 0.19067474508
8 13 0.194253150282
8 16 0.194795654066
8 83 0.221349145547
8 84 0.221929057221
8 35 0.244012607253
8 46 0.275780449261
8 78 0.356442359303
8 36 0.401162081626
8 74 0.43095994595
8 49 0.43231958149
8 54 0.4683870473
8 28 0.472128713216
8 18 0.474415682567
8 37 0.490093851435
8 30 0.540852942156
8 10 0.556306224194
8 45 0.568028815963
8 20 0.570308553612
8 23 0.57781173132
8 17 0.581725900172
8 7 0.587110273808
8 91 0.635309003717
8 85 0.648566020083
8 22 0.670994315423
8 2 0.704421731937
8 39 0.719711340098
8 42 0.743263987406
8 77 0.757672644208
8 41 0.77966461515
8 90 0.789718976454
8 60 1.00035306767
8 25 inf
8 48 inf
8 52 inf
8 53 inf
8 55 inf
8 64 inf
8 67 inf
8 87 inf
RANKED SIMILARITIES: 9
9 56 0.0123044616729
9 59 0.0123044616729
9 5 0.0139384995129
9 81 0.015640625296
9 11 0.020556234209
9 75 0.0231033032999
9 32 0.0233591218181
9 3 0.0255982745099
9 26 0.0259324430749
9 58 0.0270946089526
9 6 0.0274561268373
9 79 0.0307942030321
9 69 0.0345211393908
9 40 0.034612959855
9 44 0.0358140078241
9 27 0.0385770586248
9 89 0.0387156748029
9 93 0.0414695204157
9 96 0.0421700540888
9 47 0.0424480983366
9 71 0.0473384011316
9 95 0.051127098298
9 76 0.0513674597207
9 51 0.0526682539446
9 12 0.0547419260252
9 43 0.0557374860867
9 65 0.0623445243322
9 80 0.0627243708729
9 62 0.0631018596003
9 21 0.0673512685248
9 8 0.0677069833626
9 24 0.0679187135962
9 97 0.0729124561027
9 94 0.0765205823169
9 63 0.0795639256823
9 66 0.0828529691017
9 68 0.0854602153017
9 33 0.0869943897732
9 29 0.0871290045785
9 19 0.0872516193293
9 92 0.0878329975824
9 57 0.0916276747144
9 50 0.0960982456729
9 82 0.0981232681898
9 61 0.101736090772
9 31 0.110647110976
9 15 0.110767610255
9 70 0.113909216456
9 4 0.115072624218
9 73 0.12269614372
9 38 0.123882320523
9 88 0.130122277967
9 14 0.137900198944
9 72 0.143133895136
9 13 0.144805371488
9 86 0.147576685064
9 34 0.153998246849
9 84 0.178830997205
9 83 0.197887151464
9 16 0.209318776663
9 35 0.21035889264
9 46 0.232682389244
9 78 0.308187720828
9 36 0.35806402161
9 74 0.387861885933
9 49 0.389319753484
9 28 0.4290306532
9 18 0.484033344333
9 54 0.492492012136
9 30 0.497754882139
9 37 0.504715204376
9 10 0.513208164177
9 20 0.531575830114
9 45 0.533235281963
9 23 0.535193039357
9 17 0.538627840155
9 91 0.587228512919
9 85 0.597548075493
9 7 0.62473986434
9 22 0.62790146492
9 2 0.657326141975
9 39 0.676613280081
9 42 0.700165927389
9 77 0.714574584192
9 90 0.746620916437
9 41 0.76349937419
9 60 0.957255007655
9 25 inf
9 48 inf
9 52 inf
9 53 inf
9 55 inf
9 64 inf
9 67 inf
9 87 inf
RANKED SIMILARITIES: 10
10 42 0.198604166985
10 30 0.460511726479
10 62 0.491959995193
10 43 0.492287874649
10 81 0.499477029276
10 56 0.500903702504
10 59 0.500903702504
10 5 0.509098112119
10 11 0.50915547504
10 75 0.511702544131
10 32 0.511958362649
10 9 0.513208164177
10 96 0.513236406906
10 3 0.514197515341
10 26 0.514531683906
10 58 0.515693849784
10 6 0.516172640274
10 79 0.519393443863
10 69 0.523120380222
10 40 0.523212200686
10 44 0.524413248655
10 27 0.527176299456
10 89 0.527314915634
10 21 0.52890755173
10 93 0.530068761247
10 47 0.535502442778
10 71 0.535937641963
10 80 0.537342953
10 95 0.539726339129
10 76 0.539966700552
10 51 0.541267494776
10 8 0.556306224194
10 24 0.556517954427
10 65 0.556814115939
10 12 0.559777761457
10 97 0.561511696934
10 94 0.565119823148
10 57 0.567192024492
10 63 0.568163166513
10 50 0.571300164235
10 66 0.571452209933
10 68 0.574059456133
10 33 0.575593630604
10 92 0.576432238413
10 29 0.583556318835
10 61 0.590335331603
10 82 0.591847391147
10 19 0.592657760927
10 38 0.596813851899
10 31 0.599246351807
10 70 0.602508457287
10 15 0.608085331734
10 73 0.611295384551
10 86 0.617661047121
10 88 0.618721518798
10 4 0.620464816813
10 72 0.62281417019
10 14 0.626499439775
10 13 0.639754331097
10 34 0.64259748768
10 84 0.647223621294
10 83 0.686486392295
10 35 0.695710296002
10 16 0.697918017494
10 46 0.721281630075
10 78 0.801943540117
10 36 0.846663262441
10 74 0.867683298913
10 49 0.877918994315
10 28 0.911862115152
10 18 0.972632585164
10 37 0.977849899904
10 54 0.981091252967
10 20 1.02017507095
10 45 1.02183452279
10 23 1.02379228019
10 17 1.02722708099
10 91 1.08081018453
10 85 1.0940672009
10 7 1.11333910517
10 22 1.11650070575
10 39 1.14948294389
10 2 1.14992291275
10 77 1.20317382502
10 90 1.23167170431
10 41 1.25209861502
10 60 1.44585424849
10 25 inf
10 48 inf
10 52 inf
10 53 inf
10 55 inf
10 64 inf
10 67 inf
10 87 inf
RANKED SIMILARITIES: 11
11 56 0.00825177253606
11 59 0.00825177253606
11 81 0.0115879361592
11 5 0.0164461821514
11 75 0.0190506141631
11 32 0.0193064326813
11 58 0.0194111673259
11 26 0.0196614988276
11 9 0.020556234209
11 3 0.0213727452027
11 6 0.0235207103061
11 79 0.0267415138953
11 40 0.0302331127185
11 69 0.0304684502539
11 27 0.0309082295437
11 44 0.0317613186873
11 89 0.0346629856661
11 93 0.0362589126241
11 96 0.0381173649519
11 71 0.0389270985969
11 47 0.0428505128102
11 95 0.0470744091611
11 76 0.0473147705839
11 51 0.0486155648077
11 43 0.0516847969498
11 80 0.058671681736
11 62 0.0590491704635
11 24 0.0597145791195
11 21 0.0632985793879
11 8 0.0636542942257
11 65 0.0641621859713
11 12 0.067125831489
11 97 0.0681078918993
11 94 0.07246789318
11 66 0.0749743996514
11 63 0.0755112365454
11 92 0.0794660456404
11 68 0.0814075261648
11 33 0.0829417006363
11 57 0.0875749855775
11 29 0.0909043888667
11 50 0.0920455565361
11 61 0.0958226981167
11 82 0.0991954611791
11 19 0.100005830959
11 70 0.106181706068
11 31 0.106594421839
11 15 0.115433401766
11 73 0.118643454583
11 38 0.119829631387
11 88 0.12606958883
11 4 0.127812886846
11 14 0.133847509807
11 72 0.139081205999
11 86 0.143523995927
11 13 0.147102401129
11 34 0.149945557712
11 84 0.174778308068
11 83 0.193834462327
11 35 0.204196702071
11 16 0.205266087526
11 46 0.224860273102
11 78 0.309291610149
11 36 0.350171686736
11 74 0.383809196796
11 49 0.384199675246
11 28 0.424977964063
11 18 0.479980655196
11 54 0.488439322999
11 30 0.493702193002
11 37 0.500662515239
11 10 0.50915547504
11 20 0.523535293046
11 45 0.529182592826
11 23 0.529489439892
11 17 0.530038345114
11 91 0.588158254563
11 85 0.60141527093
11 22 0.620241438314
11 7 0.620687175204
11 2 0.657270982784
11 39 0.672560590944
11 42 0.696113238253
11 77 0.708515109787
11 90 0.7425682273
11 41 0.759446685053
11 60 0.949806300597
11 25 inf
11 48 inf
11 52 inf
11 53 inf
11 55 inf
11 64 inf
11 67 inf
11 87 inf
RANKED SIMILARITIES: 12
12 9 0.0547419260252
12 5 0.0575262906952
12 56 0.0588740589529
12 59 0.0588740589529
12 81 0.062210222576
12 75 0.0662503648994
12 32 0.0665061834176
12 11 0.067125831489
12 3 0.0687453361093
12 26 0.0725020403548
12 58 0.0736642062325
12 79 0.0739412646315
12 6 0.0740097221129
12 69 0.0776682009902
12 44 0.0789610694236
12 40 0.0811825571349
12 89 0.0818627364024
12 47 0.0837522763854
12 27 0.0851466559047
12 93 0.0880391176957
12 96 0.0887396513687
12 71 0.0939079984116
12 95 0.0942741598974
12 76 0.0945145213201
12 51 0.095815315544
12 43 0.102307083367
12 65 0.10311377413
12 80 0.109293968153
12 62 0.10967145688
12 8 0.110854044962
12 21 0.113920865805
12 24 0.114488310876
12 97 0.116059517702
12 94 0.119667643916
12 29 0.122020973477
12 63 0.122710987282
12 19 0.124983843417
12 68 0.128607276901
12 66 0.129422566382
12 33 0.130269953658
12 92 0.134402594862
12 57 0.138197271994
12 82 0.139463017662
12 4 0.140751988965
12 50 0.142667842953
12 61 0.148305688052
12 15 0.148719325077
12 31 0.15462663691
12 70 0.160478813736
12 73 0.165843205319
12 13 0.167905598982
12 38 0.170451917803
12 88 0.173269339567
12 14 0.181047260543
12 72 0.189642998687
12 86 0.194146282344
12 34 0.197145308449
12 84 0.225400594484
12 83 0.241034213063
12 16 0.252874164124
12 35 0.25350595424
12 46 0.279251986524
12 78 0.3484250153
12 36 0.40463361889
12 74 0.434431483213
12 49 0.435889350763
12 28 0.47560025048
12 18 0.530602941613
12 54 0.535639073735
12 30 0.544324479419
12 37 0.548374493714
12 10 0.559777761457
12 45 0.576452062972
12 20 0.577265352962
12 23 0.581283268583
12 17 0.585197437435
12 85 0.621489024244
12 91 0.628431262775
12 7 0.66788692594
12 22 0.674465852687
12 2 0.701463679615
12 39 0.723182877361
12 42 0.746735524669
12 77 0.761144181472
12 90 0.793190513717
12 41 0.80664643579
12 60 1.00382460493
12 25 inf
12 48 inf
12 52 inf
12 53 inf
12 55 inf
12 64 inf
12 67 inf
12 87 inf
RANKED SIMILARITIES: 13
13 5 0.134455140635
13 56 0.138850628593
13 59 0.138850628593
13 81 0.142186792216
13 9 0.144805371488
13 11 0.147102401129
13 75 0.14964947022
13 32 0.149905288738
13 3 0.15214444143
13 26 0.152478609995
13 58 0.153640775872
13 47 0.153689375391
13 6 0.153878767295
13 79 0.157340369952
13 69 0.16106730631
13 40 0.161159126775
13 44 0.162360174744
13 27 0.165123225544
13 89 0.165261841723
13 12 0.167905598982
13 93 0.168015687335
13 96 0.168716221008
13 71 0.173884568051
13 65 0.173957307198
13 95 0.177673265218
13 76 0.17791362664
13 51 0.179214420864
13 43 0.182283653006
13 80 0.189270537793
13 62 0.18964802652
13 29 0.192981812119
13 21 0.193897435444
13 8 0.194253150282
13 24 0.194464880516
13 19 0.197020157645
13 97 0.199458623022
13 94 0.203066749237
13 63 0.206110092602
13 66 0.209399136021
13 68 0.212006382221
13 82 0.213081826865
13 33 0.213540556693
13 92 0.214379164502
13 57 0.218173841634
13 15 0.221500492878
13 50 0.222644412593
13 61 0.228282257691
13 4 0.234278913844
13 31 0.237193277896
13 70 0.240455383376
13 73 0.24924231064
13 38 0.250428487443
13 88 0.256668444887
13 14 0.264446365863
13 72 0.269680062055
13 86 0.274122851983
13 34 0.280544413769
13 84 0.305377164124
13 83 0.324433318383
13 16 0.335864943583
13 35 0.33690505956
13 46 0.359228556164
13 78 0.425764090864
13 36 0.484610188529
13 74 0.514408052853
13 49 0.515865920403
13 28 0.555576820119
13 18 0.610579511253
13 54 0.619038179056
13 30 0.624301049059
13 37 0.631261371296
13 10 0.639754331097
13 20 0.658121997034
13 45 0.659781448883
13 23 0.661739206277
13 17 0.665174007075
13 85 0.702549760295
13 91 0.707453940958
13 7 0.75128603126
13 22 0.75444763184
13 2 0.780163198458
13 39 0.803159447001
13 42 0.826712094309
13 77 0.841120751111
13 90 0.873167083357
13 41 0.89004554111
13 60 1.08380117457
13 25 inf
13 48 inf
13 52 inf
13 53 inf
13 55 inf
13 64 inf
13 67 inf
13 87 inf
RANKED SIMILARITIES: 14
14 95 0.104757127126
14 89 0.105639283723
14 8 0.109993400725
14 79 0.113308761229
14 32 0.11474746147
14 75 0.11711504743
14 3 0.117754300875
14 44 0.12183545249
14 56 0.125595737271
14 59 0.125595737271
14 81 0.128931900894
14 5 0.133790146886
14 11 0.133847509807
14 40 0.135889425266
14 9 0.137900198944
14 26 0.139223718673
14 58 0.14038588455
14 6 0.140864675041
14 69 0.141803863179
14 76 0.144309104597
14 97 0.148246090995
14 27 0.151868334223
14 93 0.154760796014
14 96 0.155461329687
14 51 0.156031313175
14 33 0.156395869175
14 94 0.158345654308
14 47 0.160194477545
14 71 0.160629676729
14 68 0.165873801901
14 43 0.169028761685
14 80 0.176015646471
14 62 0.176393135198
14 63 0.1781365125
14 21 0.180642544123
14 12 0.181047260543
14 24 0.181209989194
14 65 0.181506150706
14 66 0.195768234104
14 73 0.196750442297
14 34 0.200716513931
14 92 0.20112427318
14 57 0.204918950312
14 29 0.208248353601
14 50 0.209389521271
14 61 0.21502736637
14 88 0.215343424871
14 82 0.216539425914
14 19 0.217349795693
14 31 0.219669159803
14 70 0.227200492054
14 15 0.232777366501
14 38 0.237173596121
14 4 0.24515685158
14 72 0.256165386693
14 86 0.260867960661
14 13 0.264446365863
14 16 0.268924600806
14 83 0.291765159436
14 84 0.292122272802
14 35 0.314186787078
14 46 0.345973664842
14 78 0.426635574884
14 36 0.471355297207
14 74 0.501153161531
14 49 0.502611029081
14 28 0.542321928798
14 18 0.552111111586
14 54 0.554322580753
14 37 0.566642247961
14 30 0.611046157737
14 10 0.626499439775
14 7 0.629430345028
14 45 0.640063546729
14 20 0.641334219032
14 23 0.648004946901
14 17 0.651919115753
14 91 0.705502219298
14 85 0.718759235664
14 22 0.741187531004
14 2 0.774614947518
14 39 0.789904555679
14 42 0.813457202987
14 77 0.827865859789
14 41 0.849822612988
14 90 0.859912192035
14 60 1.07054628325
14 25 inf
14 48 inf
14 52 inf
14 53 inf
14 55 inf
14 64 inf
14 67 inf
14 87 inf
RANKED SIMILARITIES: 15
15 5 0.0990026193461
15 56 0.10718162923
15 59 0.10718162923
15 47 0.109133749569
15 81 0.110517792853
15 9 0.110767610255
15 11 0.115433401766
15 75 0.117980470857
15 32 0.118236289375
15 3 0.120475442067
15 26 0.120809610632
15 58 0.121971776509
15 6 0.122376225206
15 79 0.125671370589
15 65 0.126910355262
15 69 0.129398306948
15 40 0.129490127412
15 44 0.130691175381
15 27 0.133454226182
15 89 0.13359284236
15 93 0.136346687973
15 96 0.137047221646
15 71 0.142215568688
15 95 0.146004265855
15 76 0.146244627278
15 51 0.147545421501
15 12 0.148719325077
15 43 0.150614653643
15 80 0.15760153843
15 62 0.157979027157
15 29 0.16179211548
15 21 0.162228436082
15 8 0.162584150919
15 24 0.162795881153
15 82 0.164681499162
15 97 0.16778962366
15 19 0.170501498431
15 94 0.171397749874
15 63 0.174441093239
15 66 0.177730136658
15 68 0.180337382858
15 4 0.181793540498
15 33 0.18187155733
15 92 0.182710165139
15 57 0.186504842271
15 50 0.19097541323
15 61 0.196613258329
15 31 0.205524278533
15 70 0.208786384013
15 73 0.217573311277
15 38 0.21875948808
15 13 0.221500492878
15 88 0.224999445524
15 14 0.232777366501
15 72 0.238011062692
15 86 0.24245385262
15 34 0.248875414406
15 84 0.273708164761
15 83 0.292764319021
15 16 0.30419594422
15 35 0.305236060197
15 46 0.327559556801
15 78 0.375860102538
15 36 0.452941189166
15 74 0.48273905349
15 49 0.48419692104
15 28 0.523907820757
15 18 0.57891051189
15 54 0.587369179693
15 30 0.592632049696
15 37 0.599592371933
15 10 0.608085331734
15 91 0.612238180481
15 20 0.626452997671
15 45 0.62811244952
15 23 0.630070206914
15 17 0.633505007712
15 85 0.656481466746
15 2 0.716648008228
15 7 0.719617031897
15 22 0.722778632477
15 39 0.771490447638
15 42 0.795043094946
15 77 0.809451751748
15 90 0.841498083994
15 41 0.858376541747
15 60 1.05213217521
15 25 inf
15 48 inf
15 52 inf
15 53 inf
15 55 inf
15 64 inf
15 67 inf
15 87 inf
RANKED SIMILARITIES: 16
16 95 0.185512467267
16 8 0.194795654066
16 89 0.195160058867
16 75 0.195469902058
16 56 0.19701431499
16 59 0.19701431499
16 79 0.197290175846
16 3 0.198511691472
16 81 0.200350478613
16 44 0.202214303688
16 32 0.204156922687
16 5 0.205208724606
16 11 0.205266087526
16 40 0.207205948705
16 9 0.209318776663
16 26 0.210642296392
16 58 0.21180446227
16 6 0.21228325276
16 69 0.216131896922
16 27 0.223286911942
16 76 0.225284331513
16 93 0.226179373733
16 96 0.226879907406
16 51 0.229511252962
16 33 0.229607682339
16 47 0.231613055264
16 71 0.232048254449
16 97 0.232457322709
16 94 0.237377662579
16 43 0.240447339404
16 80 0.24743422419
16 62 0.247811712918
16 21 0.252061121842
16 24 0.252628566914
16 12 0.252874164124
16 65 0.252924728426
16 63 0.253319761014
16 68 0.260830151535
16 66 0.267412253796
16 14 0.268924600806
16 92 0.2725428509
16 57 0.276337528032
16 29 0.279666931321
16 50 0.28080809899
16 61 0.286445944089
16 82 0.287958003633
16 19 0.288768373413
16 31 0.291465875547
16 34 0.293777890901
16 73 0.294763864963
16 70 0.298619069774
16 15 0.30419594422
16 88 0.307751610277
16 38 0.308592173841
16 4 0.3165754293
16 72 0.327749650806
16 86 0.332286538381
16 13 0.335864943583
16 84 0.363540850522
16 83 0.374163234007
16 35 0.391000861891
16 46 0.417392242562
16 78 0.498054152604
16 36 0.542773874927
16 18 0.5623025302
16 37 0.565742149502
16 54 0.566393694777
16 74 0.57257173925
16 49 0.574021662225
16 28 0.613740506517
16 30 0.682464735457
16 10 0.697918017494
16 7 0.698216780797
16 45 0.711876112903
16 20 0.712563123553
16 23 0.71942352462
16 17 0.723337693472
16 91 0.776920797018
16 85 0.790177813384
16 22 0.812606108724
16 2 0.846033525238
16 39 0.861323133398
16 42 0.884875780707
16 77 0.899284437509
16 41 0.927116878315
16 90 0.931330769754
16 60 1.14196486097
16 25 inf
16 48 inf
16 52 inf
16 53 inf
16 55 inf
16 64 inf
16 67 inf
16 87 inf
RANKED SIMILARITIES: 17
17 23 0.153667122102
17 22 0.248078299537
17 49 0.26179280984
17 36 0.307522235274
17 35 0.46277991586
17 27 0.504895959672
17 56 0.526323378482
17 59 0.526323378482
17 81 0.529659542105
17 11 0.530038345114
17 5 0.534517788097
17 58 0.534533606271
17 26 0.536271973562
17 75 0.537122220109
17 32 0.537378038627
17 9 0.538627840155
17 3 0.539444351149
17 6 0.541592316252
17 79 0.544813119841
17 40 0.545371328406
17 69 0.5485400562
17 71 0.549430389036
17 44 0.549832924633
17 89 0.552734591612
17 93 0.552837628712
17 96 0.556188970898
17 47 0.560922118756
17 95 0.565146015107
17 76 0.56538637653
17 51 0.566687170754
17 43 0.569756402896
17 24 0.570636113583
17 80 0.576743287682
17 62 0.57712077641
17 21 0.581370185334
17 8 0.581725900172
17 65 0.58221827056
17 97 0.584628162178
17 12 0.585197437435
17 66 0.588051799654
17 92 0.589992390124
17 94 0.590539499126
17 63 0.593582842491
17 68 0.599479132111
17 33 0.601013306582
17 57 0.605646591524
17 29 0.608960473455
17 50 0.610049748116
17 61 0.613790576788
17 82 0.617251545768
17 70 0.617734763517
17 19 0.61807185286
17 31 0.624666027785
17 15 0.633505007712
17 73 0.636715060529
17 38 0.637901237333
17 88 0.642953649006
17 4 0.645884492792
17 14 0.651919115753
17 72 0.657152811945
17 86 0.661595601873
17 13 0.665174007075
17 34 0.668017163658
17 84 0.691328885693
17 83 0.711906068273
17 16 0.723337693472
17 46 0.731956536401
17 78 0.827350389339
17 74 0.901880802742
17 77 0.938152728261
17 28 0.943049570009
17 18 0.998052261142
17 54 1.00651092895
17 30 1.01177379895
17 37 1.01873412119
17 10 1.02722708099
17 20 1.03530126498
17 45 1.04725419877
17 91 1.10622986051
17 85 1.11947135552
17 7 1.13875878115
17 2 1.17534258873
17 39 1.19063219689
17 42 1.2141848442
17 90 1.26063983325
17 41 1.277518291
17 60 1.41224780426
17 25 inf
17 48 inf
17 52 inf
17 53 inf
17 55 inf
17 64 inf
17 67 inf
17 87 inf
RANKED SIMILARITIES: 18
18 54 0.270950566478
18 95 0.468577342897
18 56 0.47172888266
18 59 0.47172888266
18 75 0.473767471699
18 89 0.474195271542
18 8 0.474415682567
18 81 0.475065046283
18 79 0.475239947564
18 3 0.47630342399
18 5 0.479923292276
18 11 0.479980655196
18 44 0.480408387866
18 32 0.481885700176
18 40 0.48221295242
18 9 0.484033344333
18 26 0.485356864062
18 58 0.48651902994
18 6 0.48699782043
18 69 0.493945560378
18 27 0.498001479612
18 93 0.500893941403
18 96 0.501594475076
18 76 0.503364611755
18 47 0.506327622934
18 71 0.506762822119
18 33 0.50925841495
18 51 0.50948374491
18 97 0.511491252918
18 43 0.515161907074
18 94 0.51757046369
18 80 0.52214879186
18 62 0.522526280588
18 21 0.526775689512
18 24 0.527343134584
18 65 0.527639296095
18 12 0.530602941613
18 63 0.532764811795
18 68 0.541223868646
18 66 0.542277390089
18 92 0.54725741857
18 57 0.551052095702
18 14 0.552111111586
18 29 0.554381498991
18 50 0.55552266666
18 61 0.561160511759
18 16 0.5623025302
18 82 0.562672571303
18 19 0.563482941083
18 31 0.570071531963
18 34 0.5727853649
18 70 0.573333637444
18 73 0.576652745596
18 15 0.57891051189
18 38 0.583306741511
18 88 0.588138924999
18 4 0.59128999697
18 72 0.602558316123
18 86 0.607001106051
18 13 0.610579511253
18 84 0.638255418192
18 83 0.653023564183
18 35 0.668877242532
18 46 0.692106810232
18 7 0.707837959252
18 78 0.772768720273
18 36 0.817488442597
18 37 0.823017383636
18 74 0.84728630692
18 49 0.848744174471
18 28 0.888455074187
18 30 0.957179303127
18 10 0.972632585164
18 20 0.988577824002
18 45 0.990849664488
18 23 0.994617460345
18 17 0.998052261142
18 91 1.05163536469
18 85 1.06489238105
18 22 1.08732588591
18 2 1.12074809291
18 39 1.13603770107
18 42 1.15959034838
18 77 1.17399900518
18 41 1.20573475595
18 90 1.20604533742
18 60 1.41666174235
18 25 inf
18 48 inf
18 52 inf
18 53 inf
18 55 inf
18 64 inf
18 67 inf
18 87 inf
RANKED SIMILARITIES: 19
19 5 0.0836752544887
19 9 0.0872516193293
19 56 0.0917540584227
19 59 0.0917540584227
19 81 0.0950902220458
19 11 0.100005830959
19 47 0.100707557073
19 75 0.10255290005
19 32 0.102808718568
19 3 0.10504787126
19 6 0.105231564805
19 26 0.105382039825
19 58 0.106544205702
19 79 0.110243799782
19 69 0.113970736141
19 40 0.114062556605
19 44 0.115263604574
19 27 0.11802107133
19 89 0.118165271553
19 93 0.120919117166
19 96 0.121619650839
19 65 0.123858290058
19 12 0.124983843417
19 71 0.126782413837
19 95 0.130576695048
19 76 0.130817056471
19 51 0.132117850694
19 43 0.135187082836
19 80 0.142173967623
19 62 0.14255145635
19 29 0.144425349733
19 21 0.146800865275
19 8 0.147156580112
19 24 0.147368310346
19 97 0.152362052853
19 94 0.155970179067
19 63 0.159013522432
19 66 0.162302565851
19 68 0.164909812051
19 33 0.166443986523
19 92 0.167277010287
19 82 0.1680772024
19 4 0.169992115013
19 15 0.170501498431
19 57 0.171077271464
19 50 0.175547842423
19 61 0.181185687522
19 31 0.190096707726
19 70 0.193358813206
19 13 0.197020157645
19 73 0.20214574047
19 38 0.203331917273
19 88 0.209571874717
19 14 0.217349795693
19 72 0.222583491885
19 86 0.227026281813
19 34 0.233447843599
19 84 0.258280593954
19 83 0.277336748213
19 16 0.288768373413
19 35 0.28980848939
19 46 0.312131985994
19 78 0.372462360902
19 36 0.437513618359
19 74 0.467311482683
19 49 0.468763766188
19 28 0.50848024995
19 18 0.563482941083
19 54 0.571941608886
19 30 0.577204478889
19 37 0.584164801126
19 10 0.592657760927
19 20 0.611025426864
19 45 0.612684878713
19 23 0.614642636107
19 17 0.61807185286
19 91 0.655062246466
19 85 0.658099096809
19 7 0.70418946109
19 22 0.70735106167
19 2 0.727828754707
19 39 0.756062876831
19 42 0.779615524139
19 77 0.794024180941
19 90 0.826070513187
19 41 0.84294897094
19 60 1.0367046044
19 25 inf
19 48 inf
19 52 inf
19 53 inf
19 55 inf
19 64 inf
19 67 inf
19 87 inf
RANKED SIMILARITIES: 20
20 92 0.502164468734
20 58 0.505397152621
20 56 0.519271368441
20 59 0.519271368441
20 81 0.522607532064
20 11 0.523535293046
20 26 0.525263063233
20 75 0.526179684948
20 5 0.527465778057
20 71 0.527499781049
20 32 0.528548111525
20 3 0.529026884547
20 40 0.530630582666
20 9 0.531575830114
20 79 0.534292427045
20 6 0.534540306211
20 93 0.536806909433
20 44 0.538883330052
20 69 0.540543996676
20 89 0.542302261836
20 27 0.542342898339
20 96 0.549136960857
20 47 0.553870108715
20 95 0.554420376116
20 76 0.554920586426
20 51 0.556256792877
20 24 0.55659494082
20 43 0.562704392855
20 66 0.567619353412
20 80 0.569691277641
20 62 0.570068766369
20 8 0.570308553612
20 97 0.573320084297
20 21 0.574318175293
20 65 0.575181781877
20 12 0.577265352962
20 94 0.579240728086
20 63 0.583013671537
20 68 0.588606974528
20 33 0.589598695811
20 57 0.598594581483
20 29 0.601923984772
20 70 0.602660790069
20 50 0.603065152441
20 61 0.605838808713
20 82 0.610215057084
20 19 0.611025426864
20 31 0.616586136039
20 73 0.625766841697
20 15 0.626452997671
20 38 0.630849227292
20 88 0.634636534087
20 4 0.638832482751
20 14 0.641334219032
20 72 0.650018079781
20 86 0.654543591832
20 34 0.65752759732
20 13 0.658121997034
20 84 0.685797903973
20 83 0.701198087025
20 35 0.711787273129
20 16 0.712563123553
