RANKED SIMILARITIES: 1
1 6 0.948566162438
1 32 0.962144008904
1 44 0.973031807702
1 89 0.973660037997
1 69 0.985825074968
1 95 0.993835773539
1 63 1.01235912344
1 33 1.01467700117
1 68 1.0218253617
1 3 1.03433433127
1 31 1.04328011138
1 94 1.051477506
1 51 1.05677749964
1 97 1.06114175076
1 73 1.07493367898
1 14 1.09254109348
1 83 1.21211628269
1 16 1.22004912213
1 92 1.2765654714
1 40 1.31461226745
1 76 1.37796172468
1 8 1.3856429215
1 54 1.44220729768
1 18 1.44783410835
1 27 1.48115428897
1 45 1.4853614333
1 37 1.53900507836
1 75 1.54224687038
1 79 1.54731798605
1 7 1.5549302144
1 88 1.57132770091
1 2 1.58490128752
1 91 1.66987114007
1 78 1.67863145404
1 58 1.67951490583
1 41 1.69630301555
1 71 1.7492603523
1 82 1.76685447435
1 80 1.76755685951
1 34 1.76911121549
1 15 1.77200308402
1 90 1.77577648522
1 30 1.79096245991
1 72 1.79593794234
1 35 1.79816905363
1 20 1.80566039005
1 47 1.80573269459
1 26 1.80765504412
1 59 1.82002234027
1 77 1.82247242468
1 57 1.82423690853
1 62 1.83181709633
1 29 1.8359604149
1 46 1.84234416618
1 66 1.84709587687
1 93 1.85110204863
1 96 1.85326770088
1 49 1.85813756542
1 43 1.85831584552
1 24 1.8594293287
1 17 1.86021295191
1 28 1.86188349112
1 22 1.86321037794
1 12 1.86359405745
1 23 1.86400637112
1 86 1.86638919645
1 61 1.86734981332
1 65 1.8687712319
1 74 1.87062530526
1 70 1.87158875026
1 85 1.87737366587
1 36 1.88110308765
1 60 1.88396410318
1 42 1.88428271378
1 10 1.89462768454
1 11 1.89480109118
1 5 1.89750822059
1 84 1.89869650282
1 4 1.90195695718
1 81 1.90274927271
1 50 1.90956409157
1 9 1.9104173393
1 19 1.91112350608
1 21 1.91166535018
1 13 1.91405577384
1 38 1.91734488608
1 39 1.9195826974
1 56 1.91972055728
1 25 inf
1 48 inf
1 52 inf
1 53 inf
1 55 inf
1 64 inf
1 67 inf
1 87 inf
RANKED SIMILARITIES: 2
2 85 0.55110321841
2 6 0.667675902534
2 32 0.681262955991
2 44 0.692141547798
2 89 0.692773168677
2 69 0.704936053291
2 95 0.712954313603
2 63 0.731889380168
2 33 0.733794797381
2 68 0.740968429787
2 31 0.762401072493
2 3 0.764425770199
2 94 0.77060159094
2 51 0.775893569539
2 97 0.782550933431
2 73 0.794089216184
2 14 0.812523903287
2 83 0.931273429168
2 16 0.939166516131
2 92 1.01502681775
2 40 1.0447874917
2 8 1.10471143033
2 76 1.10806904737
2 78 1.159457256
2 54 1.161342357
2 18 1.16694776859
2 45 1.20447117339
2 27 1.2125552526
2 37 1.25812402545
2 75 1.26135661048
2 79 1.26643722086
2 7 1.27943502369
2 88 1.3014256361
2 91 1.34394803088
2 58 1.41089314518
2 41 1.41541366666
2 15 1.44569205117
2 82 1.45627375599
2 34 1.48822728539
2 80 1.49151676089
2 90 1.4948954323
2 47 1.49855761317
2 30 1.510081407
2 72 1.51505688943
2 35 1.53511981927
2 20 1.53804125564
2 71 1.53970896757
2 57 1.54335585562
2 26 1.54646230393
2 59 1.55010290515
2 62 1.55093604342
2 65 1.56029343004
2 77 1.56187310332
2 29 1.56708072991
2 12 1.57038353196
2 96 1.57238664797
2 46 1.57406365791
2 43 1.5774347926
2 28 1.58100243821
2 66 1.58231153358
2 86 1.58550814354
2 93 1.58552643228
2 74 1.58974425235
2 49 1.59157138035
2 24 1.59233608762
2 17 1.59436793295
2 61 1.59842435026
2 4 1.59852226632
2 5 1.59914547469
2 70 1.60237567514
2 22 1.60330085152
2 42 1.60340166087
2 23 1.60420093537
2 19 1.61136812651
2 10 1.61374663163
2 84 1.61781544991
2 9 1.61958039686
2 13 1.61970566114
2 81 1.6218682198
2 60 1.62303982429
2 36 1.62510899346
2 11 1.62518551092
2 50 1.62868303865
2 21 1.63078429727
2 56 1.63285769026
2 38 1.63646383317
2 39 1.63870164449
2 25 inf
2 48 inf
2 52 inf
2 53 inf
2 55 inf
2 64 inf
2 67 inf
2 87 inf
RANKED SIMILARITIES: 3
3 51 0.0842205908081
3 97 0.0961733405215
3 32 0.112269880349
3 89 0.119490981417
3 44 0.123013040385
3 94 0.124884110341
3 95 0.128081443873
3 6 0.128090645122
3 69 0.162327878627
3 63 0.163269004025
3 68 0.173755448068
3 33 0.177087866324
3 73 0.201905087181
3 31 0.204701697082
3 14 0.204927525254
3 83 0.228587580127
3 16 0.318100030974
3 40 0.38486069252
3 92 0.436056639124
3 76 0.492986023471
3 8 0.526277161848
3 18 0.533019397339
3 75 0.554863732209
3 54 0.588685200265
3 27 0.633760397674
3 45 0.642774095827
3 37 0.680427178395
3 79 0.685044873892
3 7 0.694714145208
3 88 0.702955662108
3 2 0.764425770199
3 58 0.832098290248
3 91 0.849395622753
3 78 0.858155936726
3 41 0.858185178629
3 34 0.917326646339
3 35 0.941901313182
3 82 0.94637895703
3 80 0.94708539832
3 15 0.951527566708
3 20 0.954544370216
3 90 0.955305024024
3 72 0.960577955916
3 71 0.960914112638
3 26 0.967672599863
3 30 0.970490998717
3 59 0.971491764444
3 77 0.983082151691
3 47 0.985257177279
3 46 0.995134982975
3 66 1.00352111589
3 57 1.00376544734
3 93 1.0067424514
3 62 1.01134563514
3 49 1.01295451645
3 24 1.01340887461
3 17 1.0155625055
3 61 1.0196346462
3 70 1.02358597107
3 22 1.02437896678
3 23 1.02493186325
3 96 1.03279623969
3 12 1.0366219491
3 43 1.03784438433
3 28 1.04141202993
3 29 1.04280469796
3 60 1.04536589616
3 86 1.04591773526
3 36 1.04631928939
3 11 1.04640153004
3 65 1.04829856832
3 74 1.05015384407
3 85 1.05689814855
3 42 1.06381125259
3 10 1.07415622335
3 5 1.07703323557
3 84 1.07822504163
3 4 1.08148143986
3 81 1.08227781152
3 50 1.08909263038
3 9 1.08994182199
3 19 1.09064798876
3 21 1.09119388899
3 13 1.09358025652
3 38 1.09687342489
3 39 1.09911123621
3 56 1.09924503996
3 25 inf
3 48 inf
3 52 inf
3 53 inf
3 55 inf
3 64 inf
3 67 inf
3 87 inf
RANKED SIMILARITIES: 4
4 47 0.174175819187
4 12 0.183080264773
4 19 0.223049487265
4 9 0.250048606043
4 56 0.276708167115
4 82 0.297999099004
4 15 0.306655373038
4 6 0.974366667639
4 65 0.974441406621
4 32 0.997647260647
4 44 1.00852585245
4 89 1.00921033202
4 69 1.02132035795
4 95 1.02933861826
4 63 1.04827368482
4 33 1.05017910204
4 29 1.05209445756
4 68 1.05735273444
4 31 1.07878537715
4 3 1.08148143986
4 94 1.0869858956
4 51 1.0922778742
4 97 1.09960660309
4 73 1.11047352084
4 14 1.12890820794
4 78 1.16181389345
4 85 1.18161275646
4 5 1.22424642694
4 83 1.24765773382
4 16 1.25555082079
4 92 1.33208248741
4 13 1.3506552966
4 40 1.36184316136
4 91 1.39564083272
4 8 1.42109573498
4 76 1.42512471704
4 54 1.47772666165
4 18 1.48333207325
4 45 1.52085547805
4 27 1.52961092227
4 37 1.57450833011
4 75 1.57774091513
4 79 1.58282152551
4 7 1.59581932834
4 2 1.59852226632
4 88 1.61848130577
4 58 1.72794881484
4 41 1.73179797132
4 34 1.80461159005
4 80 1.80857243055
4 90 1.81127973696
4 30 1.82646571165
4 72 1.83144119408
4 35 1.85217548893
4 20 1.8550969253
4 71 1.85676463723
4 57 1.85974016027
4 26 1.86351797359
4 59 1.86715857482
4 62 1.86732034808
4 77 1.87892877298
4 96 1.88877095262
4 46 1.89111932757
4 43 1.89381909726
4 28 1.89738674287
4 66 1.89936720324
4 86 1.9018924482
4 93 1.90258210195
4 74 1.906128557
4 49 1.90862705001
4 24 1.90939175728
4 17 1.91142360261
4 61 1.91548001993
4 70 1.9194313448
4 42 1.91978596553
4 22 1.92035652119
4 23 1.92125660503
4 10 1.93013093628
4 84 1.93419975456
4 81 1.93825252445
4 60 1.94009549396
4 36 1.94216466312
4 11 1.94224118059
4 50 1.94506734331
4 21 1.94716860193
4 38 1.95284813783
4 39 1.95508594915
4 25 inf
4 48 inf
4 52 inf
4 53 inf
4 55 inf
4 64 inf
4 67 inf
4 87 inf
RANKED SIMILARITIES: 5
5 13 0.259755090618
5 29 0.340090408603
5 78 0.819890823409
5 6 0.979485616857
5 32 0.993066987151
5 44 1.00395126212
5 89 1.00476388801
5 69 1.01678704184
5 95 1.02476155776
5 63 1.04369729124
5 33 1.0456045117
5 68 1.05277447646
5 31 1.07421078681
5 3 1.07703323557
5 94 1.08243821993
5 47 1.0876189521
5 51 1.08770328386
5 97 1.09516246344
5 15 1.09899591304
5 82 1.10265717172
5 73 1.10589893051
5 14 1.12432793445
5 12 1.16514243307
5 85 1.19983022949
5 65 1.20056126248
5 19 1.20769881792
5 9 1.20998406475
5 56 1.2212699246
5 4 1.22424642694
5 83 1.24307802325
5 16 1.25097490636
5 92 1.32763943399
5 40 1.35740010794
5 91 1.40329632792
5 8 1.41652031674
5 76 1.42067598045
5 54 1.47315207132
5 18 1.47875356277
5 45 1.51628088772
5 27 1.52516218568
5 37 1.56992805661
5 75 1.5731663248
5 79 1.57824693518
5 7 1.59123905485
5 2 1.59914547469
5 88 1.61403354165
5 58 1.72350007826
5 41 1.72722246997
5 34 1.80003699972
5 80 1.80412369397
5 90 1.80669946346
5 30 1.82188543816
5 72 1.82686092059
5 35 1.84772675235
5 20 1.85065334896
5 71 1.85231590065
5 57 1.85515988678
5 26 1.85907492017
5 59 1.86271552139
5 62 1.86274007458
5 77 1.874484472
5 96 1.88419067913
5 46 1.88667059098
5 43 1.88923882376
5 28 1.89280646937
5 66 1.89492414982
5 86 1.8973121747
5 93 1.89813904852
5 74 1.90154828351
5 49 1.90418399658
5 24 1.9049430207
5 17 1.90697486603
5 61 1.9110369665
5 70 1.91498829138
5 42 1.91520569203
5 22 1.91591346776
5 23 1.91681355161
5 10 1.92555066279
5 84 1.92961948107
5 81 1.93367225096
5 60 1.93564763997
5 36 1.9377216097
5 11 1.93779812716
5 50 1.94048706981
5 21 1.94258832843
5 38 1.94826786433
5 39 1.95050567565
5 25 inf
5 48 inf
5 52 inf
5 53 inf
5 55 inf
5 64 inf
5 67 inf
5 87 inf
RANKED SIMILARITIES: 6
6 32 0.0441249289963
6 44 0.0550035208038
6 89 0.0558195372774
6 69 0.0678405387498
6 95 0.0758162866081
6 63 0.0947513531734
6 33 0.0966567703861
6 68 0.103830402792
6 31 0.125263045498
6 3 0.128090645122
6 94 0.133492756009
6 51 0.138755542545
6 97 0.146215808353
6 73 0.156951189189
6 14 0.175385876292
6 83 0.294135402174
6 16 0.302028489136
6 92 0.378691692672
6 40 0.408452366623
6 8 0.467628873607
6 76 0.471733922296
6 54 0.524204330004
6 18 0.529809741596
6 45 0.567333146398
6 27 0.576220127527
6 37 0.620985998456
6 75 0.624218583485
6 79 0.629299193865
6 7 0.642296996692
6 88 0.665090511027
6 2 0.667675902534
6 78 0.748169765111
6 91 0.751840212855
6 58 0.774558020101
6 41 0.778275639666
6 82 0.848796694298
6 34 0.8510892584
6 15 0.853934039564
6 80 0.855181635813
6 90 0.857757405308
6 30 0.872943380001
6 72 0.877918862433
6 47 0.887687611353
6 35 0.898784694195
6 20 0.901706130563
6 71 0.903373842491
6 57 0.906217828621
6 26 0.91012717885
6 59 0.913767780076
6 62 0.913798016427
6 77 0.925537978238
6 96 0.935248620974
6 46 0.93772853283
6 43 0.94029676561
6 28 0.943864411215
6 29 0.944865298316
6 12 0.945508964978
6 66 0.945976408503
6 86 0.948370116547
6 93 0.949191307207
6 65 0.950699720167
6 74 0.952606225351
6 49 0.955236255268
6 24 0.956000962542
6 17 0.958032807874
6 85 0.959305114467
6 61 0.962089225186
6 70 0.966040550061
6 42 0.966263633875
6 22 0.966965726445
6 23 0.967865810295
6 4 0.974366667639
6 10 0.976608604634
6 5 0.979485616857
6 84 0.980677422912
6 81 0.984730192803
6 60 0.986704699216
6 36 0.988773868381
6 11 0.988850385846
6 19 0.991347762147
6 50 0.99154501166
6 9 0.992332614963
6 21 0.993646270277
6 13 0.995920465132
6 38 0.999325806177
6 39 1.0015636175
6 56 1.00169227038
6 25 inf
6 48 inf
6 52 inf
6 53 inf
6 55 inf
6 64 inf
6 67 inf
6 87 inf
RANKED SIMILARITIES: 7
7 89 0.604653313505
7 32 0.614490359255
7 95 0.618225887897
7 44 0.632008618735
7 6 0.642296996692
7 33 0.658502989575
7 14 0.659367682515
7 63 0.667096135376
7 68 0.668778064935
7 69 0.671136322569
7 94 0.688577388106
7 3 0.694714145208
7 97 0.694919585197
7 31 0.712794716989
7 73 0.716417418121
7 51 0.725517956451
7 54 0.730182060078
7 18 0.749632080625
7 16 0.781232905949
7 83 0.86887226765
7 8 0.978582022918
7 92 0.990450813824
7 40 0.993506990925
7 76 1.0426425179
7 37 1.06493814205
7 45 1.15574121186
7 27 1.18797355245
7 79 1.19103428096
7 75 1.19698050788
7 88 1.23705236969
7 2 1.27943502369
7 41 1.36307667238
7 91 1.36360197432
7 78 1.37234335356
7 58 1.38631144503
7 34 1.38788136894
7 82 1.4605853086
7 15 1.46573391828
7 80 1.46693506074
7 90 1.46951083023
7 72 1.47613235059
7 30 1.48469680493
7 35 1.49270361328
7 47 1.49946352885
7 20 1.50816505771
7 71 1.51512726742
7 57 1.51797125355
7 26 1.5218863
7 59 1.52552690123
7 62 1.52555144135
7 77 1.53729585183
7 96 1.5470020459
7 46 1.54948195775
7 43 1.55205019054
7 12 1.55218607771
7 28 1.55561783614
7 66 1.55635281804
7 29 1.55699141411
7 86 1.56012354147
7 93 1.56095042836
7 65 1.56250437453
7 74 1.56435965028
7 49 1.56692956804
7 24 1.56775438747
7 17 1.56977566028
7 85 1.5711206607
7 61 1.57384834634
7 70 1.57779967121
7 42 1.5780170588
7 22 1.57871963808
7 23 1.57914556339
7 10 1.58836202956
7 5 1.59123905485
7 84 1.59243084784
7 4 1.59581932834
7 81 1.59648361773
7 60 1.5984590198
7 36 1.60053298953
7 11 1.600609507
7 50 1.60329843659
7 9 1.60414817356
7 19 1.60485434033
7 21 1.6053996952
7 13 1.60778660809
7 38 1.6110792311
7 39 1.61331704242
7 56 1.61345139153
7 25 inf
7 48 inf
7 52 inf
7 53 inf
7 55 inf
7 64 inf
7 67 inf
7 87 inf
RANKED SIMILARITIES: 8
8 76 0.110326564499
8 79 0.254578139416
8 89 0.436974508066
8 95 0.446524066668
8 32 0.449907551662
8 44 0.455987082896
8 34 0.456353035267
8 6 0.467628873607
8 33 0.479831065904
8 63 0.492587787716
8 69 0.501721994982
8 68 0.50224728695
8 94 0.51281690066
8 14 0.519064290511
8 3 0.526277161848
8 97 0.528422977156
8 31 0.534656257482
8 73 0.541113865842
8 51 0.555752909519
8 16 0.563438143245
8 83 0.702362509255
8 92 0.815782690738
8 40 0.821804838084
8 54 0.844201470112
8 18 0.902740318846
8 37 0.93583459874
8 7 0.978582022918
8 45 0.97934371284
8 27 1.01331029768
8 75 1.02295950828
8 88 1.06723437968
8 2 1.10471143033
8 41 1.18483202538
8 91 1.18887838097
8 78 1.19764092101
8 58 1.21164819025
8 82 1.28586171524
8 15 1.29101080125
8 80 1.29227180597
8 90 1.29484757546
8 72 1.30101839349
8 30 1.31003355015
8 35 1.31952509507
8 47 1.32473993549
8 20 1.33310848196
8 71 1.34046401264
8 57 1.34330799877
8 26 1.34721817692
8 59 1.35085877814
8 62 1.35088818658
8 77 1.36262814839
8 96 1.37233879113
8 46 1.37481870298
8 12 1.37622876114
8 43 1.37738693576
8 66 1.38083675054
8 28 1.38095458137
8 29 1.38229177913
8 86 1.3854602867
8 93 1.38628230527
8 65 1.38778564948
8 74 1.3896963955
8 49 1.39222902132
8 24 1.39309113269
8 17 1.39511240551
8 85 1.39639706735
8 61 1.39918022325
8 70 1.40313154813
8 42 1.40335380403
8 22 1.404051515
8 23 1.40447744031
8 10 1.41369877479
8 5 1.41652031674
8 84 1.41776759306
8 4 1.42109573498
8 81 1.42182036296
8 60 1.42379486937
8 36 1.42586486645
8 11 1.42594138391
8 50 1.42863518181
8 9 1.4294245802
8 19 1.43013074698
8 21 1.43073644043
8 13 1.43306301473
8 38 1.43641597633
8 39 1.43865378765
8 56 1.43872779818
8 25 inf
8 48 inf
8 52 inf
8 53 inf
8 55 inf
8 64 inf
8 67 inf
8 87 inf
RANKED SIMILARITIES: 9
9 56 0.034942674347
9 12 0.151407554529
9 19 0.176055423721
9 47 0.186562646077
9 4 0.250048606043
9 82 0.330244159922
9 15 0.347985217634
9 6 0.992332614963
9 32 1.00597610586
9 65 1.00981095558
9 44 1.01685469767
9 89 1.01767071414
9 69 1.02969171561
9 95 1.03766746347
9 29 1.05100978351
9 63 1.05660253004
9 33 1.05850794725
9 68 1.06568157966
9 31 1.08711422236
9 3 1.08994182199
9 94 1.09534393287
9 51 1.10060671941
9 97 1.10806698522
9 73 1.11880236605
9 14 1.13723705316
9 78 1.17835517121
9 5 1.20998406475
9 85 1.2215750575
9 83 1.25598657904
9 16 1.263879666
9 92 1.34054286954
9 13 1.34805729844
9 40 1.37030354349
9 91 1.42289954253
9 8 1.4294245802
9 76 1.43358509916
9 54 1.48605550687
9 18 1.49166091846
9 45 1.52918432326
9 27 1.53807130439
9 37 1.58283717532
9 75 1.58606976035
9 79 1.59115037073
9 7 1.60414817356
9 2 1.61958039686
9 88 1.62694168789
9 58 1.73640919696
9 41 1.74012681653
9 34 1.81294043526
9 80 1.81703281268
9 90 1.81960858217
9 30 1.83479455687
9 72 1.8397700393
9 35 1.86063587106
9 20 1.86355730743
9 71 1.86522501936
9 57 1.86806900549
9 26 1.87197835571
9 59 1.87561895694
9 62 1.87564919329
9 77 1.8873891551
9 96 1.89709979784
9 46 1.89957970969
9 43 1.90214794247
9 28 1.90571558808
9 66 1.90782758537
9 86 1.91022129341
9 93 1.91104248407
9 74 1.91445740221
9 49 1.91708743213
9 24 1.91785213941
9 17 1.91988398474
9 61 1.92394040205
9 70 1.92789172693
9 42 1.92811481074
9 22 1.92881690331
9 23 1.92971698716
9 10 1.9384597815
9 84 1.94252859978
9 81 1.94658136967
9 60 1.94855587608
9 36 1.95062504525
9 11 1.95070156271
9 50 1.95339618852
9 21 1.95549744714
9 38 1.96117698304
9 39 1.96341479436
9 25 inf
9 48 inf
9 52 inf
9 53 inf
9 55 inf
9 64 inf
9 67 inf
9 87 inf
RANKED SIMILARITIES: 10
10 30 0.794823851033
10 80 0.869427705428
10 62 0.895084164643
10 72 0.901583761831
10 57 0.921413864834
10 43 0.930802382311
10 96 0.946969202106
10 86 0.961307921562
10 28 0.970374756068
10 74 0.974604923948
10 6 0.976608604634
10 32 0.990173440733
10 84 0.994978095734
10 21 0.997646849778
10 44 1.0010742499
10 89 1.00188687579
10 50 1.00894426639
10 38 1.01111050406
10 81 1.01329835276
10 69 1.01391002962
10 95 1.02188454554
10 63 1.04082027902
10 33 1.04272749948
10 68 1.04989746424
10 31 1.07133377459
10 3 1.07415622335
10 94 1.07956120771
10 51 1.08482627164
10 97 1.09228545121
10 73 1.10302191828
10 14 1.12144677459
10 83 1.24020101102
10 16 1.24809789413
10 39 1.30326356816
10 92 1.32476242177
10 40 1.35452309572
10 42 1.38553951054
10 37 1.40794277127
10 8 1.41369877479
10 76 1.41778882797
10 54 1.4702750591
10 18 1.47587655054
10 35 1.48316586018
10 45 1.51340387549
10 27 1.52228200648
10 75 1.57028931258
10 79 1.57536992296
10 7 1.58836202956
10 90 1.59612893259
10 88 1.61115652942
10 2 1.61374663163
10 91 1.69791358227
10 78 1.70667389624
10 58 1.72060712038
10 41 1.72434545774
10 82 1.79489691654
10 34 1.79715998749
10 15 1.80004552622
10 47 1.83377513679
10 71 1.8476179239
10 20 1.84777633674
10 26 1.85619790794
10 59 1.85983850917
10 77 1.87160745977
10 46 1.88358838149
10 29 1.89132061275
10 12 1.89163649964
10 66 1.8920471376
10 93 1.8952620363
10 65 1.8968136741
10 49 1.90130698436
10 24 1.90206459961
10 17 1.90409521392
10 85 1.90543226865
10 61 1.90815995428
10 70 1.91211127916
10 22 1.91303645554
10 23 1.91393653939
10 5 1.92555066279
10 4 1.93013093628
10 60 1.93277062775
10 36 1.93484459748
10 11 1.93492111494
10 9 1.9384597815
10 19 1.93916594828
10 13 1.94209821603
10 56 1.94776299948
10 25 inf
10 48 inf
10 52 inf
10 53 inf
10 55 inf
10 64 inf
10 67 inf
10 87 inf
RANKED SIMILARITIES: 11
11 59 0.0750826057705
11 26 0.124894256488
11 93 0.128264264686
11 24 0.155004089027
11 66 0.214121066842
11 61 0.227220318677
11 70 0.231303474779
11 71 0.248441136415
11 58 0.25459339148
11 27 0.465436008522
11 46 0.500681031341
11 40 0.697527796352
11 36 0.708794558677
11 92 0.788363169426
11 49 0.791310833265
11 6 0.988850385846
11 32 1.0024374393
11 44 1.01331603111
11 89 1.01394765199
11 69 1.0261105366
11 95 1.03412879691
11 3 1.04640153004
11 63 1.05306386348
11 33 1.05496928069
11 68 1.0621429131
11 31 1.0835755558
11 94 1.09177607425
11 51 1.09706805285
11 97 1.10108413292
11 17 1.10634820259
11 73 1.1152636995
11 20 1.127086767
11 14 1.1336983866
11 35 1.21736608494
11 83 1.25244791248
11 16 1.26034099944
11 22 1.28346581937
11 23 1.35293468945
11 76 1.39964629944
11 8 1.42594138391
11 54 1.48251684031
11 18 1.4881222519
11 45 1.5256456567
11 37 1.57929850876
11 75 1.58253109379
11 79 1.58761170417
11 7 1.600609507
11 88 1.60260239111
11 2 1.62518551092
11 91 1.71015576968
11 78 1.71891873144
11 41 1.73658814997
11 77 1.74487689868
11 82 1.80713869775
11 80 1.80785028991
11 34 1.80940176871
11 15 1.81228861167
11 90 1.81606991561
11 30 1.83125589031
11 72 1.83623137274
11 47 1.846016918
11 57 1.86453033893
11 62 1.87211052673
11 96 1.89356113128
11 43 1.89860927592
11 28 1.90217692152
11 29 1.90356958955
11 12 1.90387828086
11 60 1.90462842693
11 86 1.90668262685
11 65 1.90906345991
11 74 1.91091873566
11 85 1.91765788927
11 42 1.92457614418
11 10 1.93492111494
11 5 1.93779812716
11 84 1.93898993322
11 4 1.94224118059
11 81 1.94304270311
11 50 1.94985752197
11 9 1.95070156271
11 19 1.95140772949
11 21 1.95195878058
11 13 1.95433999725
11 38 1.95763831648
11 39 1.9598761278
11 56 1.96000478069
11 25 inf
11 48 inf
11 52 inf
11 53 inf
11 55 inf
11 64 inf
11 67 inf
11 87 inf
RANKED SIMILARITIES: 12
12 47 0.139259010584
12 19 0.1491899712
12 9 0.151407554529
12 56 0.177136932577
12 4 0.183080264773
12 82 0.278941127064
12 15 0.293337541977
12 6 0.945508964978
12 32 0.955811686523
12 65 0.95850492332
12 44 0.963534824785
12 89 0.964350841259
12 69 0.98129042634
12 95 0.984608316444
12 29 0.998493331691
12 63 1.00369152005
12 33 1.00653699893
12 68 1.01236170677
12 31 1.0353719146
12 3 1.0366219491
12 94 1.04323970124
12 51 1.04728684653
12 97 1.05566041634
12 73 1.06548249317
12 14 1.08391718027
12 78 1.13049555638
12 85 1.16358646635
12 5 1.16514243307
12 83 1.20337340885
12 16 1.21218206469
12 13 1.28345175315
12 92 1.29371958768
12 40 1.32247740996
12 91 1.37118504756
12 8 1.37622876114
12 76 1.38026522628
12 54 1.43499836334
12 18 1.44294590242
12 45 1.47586445038
12 27 1.49124802254
12 37 1.53174507957
12 75 1.53274988747
12 79 1.53783049785
12 7 1.55218607771
12 2 1.57038353196
12 88 1.57362181501
12 58 1.68958591511
12 41 1.68986606933
12 34 1.75962056238
12 80 1.77020953082
12 90 1.77278530032
12 30 1.78797127501
12 72 1.78867515522
12 35 1.80977868185
12 20 1.81601854773
12 71 1.8184017375
12 57 1.82124572363
12 26 1.82515507386
12 59 1.82879567509
12 62 1.82882591144
12 77 1.84056587325
12 96 1.85027651598
12 46 1.85275642784
12 43 1.85532466062
12 28 1.85889230623
12 66 1.86100430351
12 86 1.86339801156
12 93 1.86421920222
12 74 1.86763412036
12 49 1.87026415028
12 24 1.87102885755
12 17 1.87305013037
12 61 1.8771171202
12 70 1.88106844507
12 42 1.88129152888
12 22 1.88199362146
12 23 1.88289370531
12 10 1.89163649964
12 84 1.89570531792
12 81 1.89975808781
12 60 1.90173259423
12 36 1.90380176339
12 11 1.90387828086
12 50 1.90657290667
12 21 1.90867416529
12 38 1.91435370119
12 39 1.91659151251
12 25 inf
12 48 inf
12 52 inf
12 53 inf
12 55 inf
12 64 inf
12 67 inf
12 87 inf
RANKED SIMILARITIES: 13
13 5 0.259755090618
13 29 0.46364083645
13 78 0.831853993409
13 6 0.995920465132
13 32 1.0096145404
13 44 1.0204931322
13 89 1.02130914868
13 69 1.03333015015
13 95 1.04130589801
13 63 1.06024096457
13 33 1.06214638179
13 68 1.06932001419
13 31 1.0907526569
13 3 1.09358025652
13 94 1.09898236741
13 51 1.10424515394
13 97 1.11170541975
13 73 1.12244080059
13 14 1.14087548769
13 47 1.21943149883
13 15 1.22813407127
13 82 1.23521838618
13 83 1.25962501357
13 16 1.26751810054
13 12 1.28345175315
13 85 1.32201872252
13 19 1.33171171016
13 65 1.33308302216
13 92 1.34418130407
13 9 1.34805729844
13 4 1.3506552966
13 56 1.36008388457
13 40 1.37394197802
13 91 1.41756850512
13 8 1.43306301473
13 76 1.4372235337
13 54 1.4896939414
13 18 1.495299353
13 45 1.5328227578
13 27 1.54170973893
13 37 1.58647560986
13 75 1.58970819488
13 79 1.59478880526
13 7 1.60778660809
13 2 1.61970566114
13 88 1.63058012243
13 58 1.7400476315
13 41 1.74376525107
13 34 1.8165788698
13 80 1.82067124721
13 90 1.82324701671
13 30 1.8384329914
13 72 1.84340847383
13 35 1.86427430559
13 20 1.86719574196
13 71 1.86886345389
13 57 1.87170744002
13 26 1.87561679025
13 59 1.87925739148
13 62 1.87928762783
13 77 1.89102758964
13 96 1.90073823237
13 46 1.90321814423
13 43 1.90578637701
13 28 1.90935402261
13 66 1.9114660199
13 86 1.91385972795
13 93 1.91468091861
13 74 1.91809583675
13 49 1.92072586667
13 24 1.92149057394
13 17 1.92352241927
13 61 1.92757883659
13 70 1.93153016146
13 42 1.93175324527
13 22 1.93245533785
13 23 1.93335542169
13 10 1.94209821603
13 84 1.94616703431
13 81 1.9502198042
13 60 1.95219431062
13 36 1.95426347978
13 11 1.95433999725
13 50 1.95703462306
13 21 1.95913588168
13 38 1.96481541758
13 39 1.9670532289
13 25 inf
13 48 inf
13 52 inf
13 53 inf
13 55 inf
13 64 inf
13 67 inf
13 87 inf
RANKED SIMILARITIES: 14
14 95 0.129060056499
14 32 0.134932435698
14 89 0.140037763154
14 44 0.157639580868
14 6 0.175385876292
14 33 0.192371018001
14 94 0.196222346589
14 63 0.204577700314
14 3 0.204927525254
14 69 0.208592241779
14 68 0.210971182556
14 97 0.2176975256
14 51 0.221323873799
14 73 0.227758957332
14 31 0.250178744851
14 16 0.339443828548
14 83 0.379483498324
14 40 0.50915741359
14 8 0.519064290511
14 92 0.523539693424
14 76 0.560621509111
14 18 0.592581265297
14 54 0.594878002797
14 7 0.659367682515
14 45 0.677406921641
14 37 0.684300910782
14 75 0.706999846576
14 79 0.720630579312
14 27 0.721059278141
14 88 0.74397912854
14 2 0.812523903287
14 41 0.89241728615
14 91 0.896690853923
14 78 0.905451167896
14 58 0.919396190056
14 34 0.923322625677
14 82 0.993674188201
14 15 0.998822797878
14 80 1.00001980577
14 90 1.00259557526
14 72 1.00763268104
14 35 1.01145857451
14 30 1.01778154996
14 47 1.03255240845
14 20 1.04127782921
14 71 1.04821201245
14 57 1.05105599858
14 26 1.0549751796
14 59 1.05861578083
14 62 1.05863618638
14 77 1.07038473143
14 96 1.08008679093
14 46 1.08256670279
14 12 1.08391718027
14 43 1.08513493557
14 28 1.08870258117
14 29 1.09009788441
14 66 1.09036847278
14 86 1.0932082865
14 93 1.09403930796
14 65 1.09559094576
14 74 1.09744439531
14 49 1.10008425602
14 24 1.10084187127
14 17 1.10286191306
14 85 1.1042095403
14 61 1.10693722594
14 70 1.11088855081
14 42 1.11110180383
14 22 1.11180851768
14 23 1.11223444299
14 10 1.12144677459
14 5 1.12432793445
14 84 1.12551559287
14 4 1.12890820794
14 81 1.12956836276
14 60 1.1315478994
14 36 1.13362186913
14 11 1.1336983866
14 50 1.13638318162
14 9 1.13723705316
14 19 1.13794321993
14 21 1.13848444023
14 13 1.14087548769
14 38 1.14416397613
14 39 1.14640178745
14 56 1.14654027113
14 25 inf
14 48 inf
14 52 inf
14 53 inf
14 55 inf
14 64 inf
14 67 inf
14 87 inf
RANKED SIMILARITIES: 15
15 82 0.180497836098
15 47 0.219377471513
15 12 0.293337541977
15 4 0.306655373038
15 19 0.329734083853
15 9 0.347985217634
15 56 0.366245502477
15 65 0.845325038952
15 6 0.853934039564
15 32 0.867561850582
15 44 0.878441746632
15 89 0.879256458863
15 69 0.891277526351
15 95 0.899253208194
15 63 0.918185014154
15 33 0.920094996214
15 68 0.927267324378
15 29 0.93523115805
15 31 0.948701271326
15 3 0.951527566708
15 94 0.956929677595
15 51 0.962193768373
15 97 0.969652947949
15 73 0.980389415017
15 14 0.998822797878
15 78 1.04730207544
15 85 1.06149913831
15 5 1.09899591304
15 83 1.11757232376
15 16 1.12546541072
15 92 1.20212665789
15 91 1.2147957967
15 13 1.22813407127
15 40 1.23189059245
15 8 1.29101080125
15 76 1.29517084388
15 54 1.34764255583
15 18 1.35324666318
15 45 1.39077137223
15 27 1.39965704911
15 37 1.44442292004
15 2 1.44569205117
15 75 1.44765680931
15 79 1.45273741969
15 7 1.46573391828
15 88 1.48852743261
15 58 1.59799494169
15 41 1.60171295448
15 34 1.67452748423
15 80 1.6786185574
15 90 1.68119432689
15 30 1.69638030159
15 72 1.70135578402
15 35 1.72222161578
15 20 1.72514383347
15 71 1.72681076408
15 57 1.72965475021
15 26 1.73356540468
15 59 1.7372060059
15 62 1.73723493801
15 77 1.74897495651
15 96 1.75868554256
15 46 1.76116545442
15 43 1.7637336872
15 28 1.7673013328
15 66 1.76941463433
15 86 1.77180703813
15 93 1.77262953303
15 74 1.77604314694
15 49 1.7786744811
15 24 1.77943788413
15 17 1.78146972946
15 61 1.78552745101
15 70 1.78947877589
15 42 1.78970055546
15 22 1.79040395227
15 23 1.79130403612
15 10 1.80004552622
15 84 1.8041143445
15 81 1.80816711439
15 60 1.8101416208
15 36 1.81221209421
15 11 1.81228861167
15 50 1.81498193325
15 21 1.81708319186
15 38 1.82276272776
15 39 1.82500053908
15 25 inf
15 48 inf
15 52 inf
15 53 inf
15 55 inf
15 64 inf
15 67 inf
15 87 inf
RANKED SIMILARITIES: 16
16 95 0.265781752275
16 89 0.278960474529
16 32 0.279809704272
16 44 0.289957791419
16 6 0.302028489136
16 94 0.308136131116
16 3 0.318100030974
16 33 0.32192322612
16 97 0.333182518893
16 51 0.335623789493
16 69 0.336262278557
16 14 0.339443828548
16 63 0.341356531133
16 68 0.357594099867
16 73 0.373271872354
16 31 0.377930458432
16 83 0.489505111986
16 8 0.563438143245
16 76 0.595194385818
16 40 0.610495476572
16 18 0.632796819505
16 54 0.634863407264
16 92 0.650182306268
16 37 0.692634208201
16 79 0.760320950492
16 7 0.781232905949
16 75 0.816900130458
16 45 0.817085810945
16 27 0.847709417027
16 88 0.896034754559
16 2 0.939166516131
16 34 0.962755411227
16 91 1.02333346677
16 41 1.02843271375
16 78 1.03209551063
16 58 1.0460473096
16 82 1.12031680104
16 15 1.12546541072
16 80 1.12667092531
16 90 1.12924669481
16 72 1.1344634605
16 30 1.1444326695
16 35 1.15056288854
16 47 1.15919502129
16 20 1.168219747
16 71 1.17486313199
16 57 1.17770711812
16 26 1.18161779245
16 59 1.18525839367
16 62 1.18528730593
16 77 1.19702734427
16 96 1.20673791047
16 46 1.20921782233
16 43 1.21178605511
16 12 1.21218206469
16 66 1.21512719843
16 28 1.21535370072
16 29 1.21674636875
16 86 1.21985940605
16 93 1.2206819208
16 65 1.22224023911
16 74 1.22409551485
16 49 1.22672686886
16 24 1.22749025204
16 17 1.22951152486
16 85 1.23085215315
16 61 1.23357983878
16 70 1.23753116366
16 42 1.23775292338
16 22 1.23845113053
16 23 1.23924746971
16 10 1.24809789413
16 5 1.25097490636
16 84 1.25216671241
16 4 1.25555082079
16 81 1.2562194823
16 60 1.25819398872
16 36 1.26026448198
16 11 1.26034099944
16 50 1.26303430116
16 9 1.263879666
16 19 1.26458583278
16 21 1.26513555978
16 13 1.26751810054
16 38 1.27081509568
16 39 1.273052907
16 56 1.27318288398
16 25 inf
16 48 inf
16 52 inf
16 53 inf
16 55 inf
16 64 inf
16 67 inf
16 87 inf
RANKED SIMILARITIES: 17
17 22 0.376833750516
17 23 0.429347471664
17 49 0.436173141631
17 36 0.54463365942
17 27 0.652902534216
17 40 0.664841824417
17 92 0.744065033836
17 58 0.888529236966
17 35 0.924839982047
17 6 0.958032807874
17 32 0.971600965765
17 44 0.982487880619
17 89 0.983116110915
17 69 0.995281147885
17 95 1.00329817626
17 71 1.01089345001
17 3 1.0155625055
17 63 1.02223390974
17 33 1.0241411302
17 26 1.02507463393
17 68 1.03131109496
17 59 1.03598050208
17 46 1.04527838925
17 31 1.05274740531
17 66 1.05420876731
17 94 1.06094564637
17 93 1.06514485091
17 24 1.06576376122
17 51 1.06623990236
17 97 1.06977451286
17 70 1.07866729738
17 61 1.0808379176
17 73 1.084435549
17 20 1.08894196968
17 14 1.10286191306
17 11 1.10634820259
17 83 1.22161464174
17 16 1.22951152486
17 76 1.3688098259
17 8 1.39511240551
17 77 1.43128503715
17 54 1.45168868982
17 18 1.45729018126
17 45 1.49481750621
17 37 1.54846203522
17 75 1.5517029433
17 79 1.55678355368
17 7 1.56977566028
17 88 1.5705648901
17 2 1.59436793295
17 91 1.67933778551
17 78 1.68808527272
17 41 1.70576966098
17 82 1.77630559843
17 80 1.77702438889
17 34 1.77857361822
17 15 1.78146972946
17 90 1.7852440146
17 30 1.80042998929
17 72 1.8053948992
17 47 1.81519934003
17 60 1.81646359138
17 57 1.83370443791
17 62 1.84128462571
17 96 1.86273523026
17 43 1.8677833749
17 28 1.8713510205
17 29 1.87272929464
17 12 1.87305013037
17 86 1.87585672583
17 65 1.87822235598
17 74 1.88009283464
17 85 1.88682478995
17 42 1.89375024316
17 10 1.90409521392
17 5 1.90697486603
17 84 1.90700469214
17 4 1.91142360261
17 81 1.91221680209
17 50 1.91903162095
17 9 1.91988398474
17 19 1.92058456747
17 21 1.92113287956
17 13 1.92352241927
17 38 1.92681241546
17 39 1.92905022678
17 56 1.92918720272
17 25 inf
17 48 inf
17 52 inf
17 53 inf
17 55 inf
17 64 inf
17 67 inf
17 87 inf
RANKED SIMILARITIES: 18
18 54 0.328885168894
18 95 0.508715958083
18 89 0.520022315308
18 32 0.522162434463
18 94 0.528858492937
18 6 0.529809741596
18 44 0.532508503349
18 3 0.533019397339
18 97 0.542707300968
18 51 0.553340804149
18 33 0.556152455193
18 69 0.564580643773
18 63 0.577042472018
18 14 0.592581265297
18 68 0.594190052527
18 31 0.610481984948
18 73 0.618160744783
18 16 0.632796819505
18 83 0.70349541763
18 7 0.749632080625
18 40 0.823366372323
18 92 0.877963558728
18 8 0.902740318846
18 76 0.940004922528
18 37 0.958206467301
18 75 1.0327809841
18 45 1.05594426889
18 27 1.07548807344
18 79 1.0981110061
18 88 1.13882958553
18 2 1.16694776859
18 91 1.25111471923
18 78 1.2598750332
18 41 1.26100904219
18 58 1.27382596601
18 34 1.30246692395
18 82 1.3480980535
18 15 1.35324666318
18 80 1.35444958172
18 90 1.35702535122
18 72 1.36484104203
18 30 1.37221132591
18 47 1.38697627375
18 35 1.38974588883
18 20 1.39767869574
18 71 1.4026417884
18 57 1.40548577453
18 26 1.40939904491
18 59 1.41303964613
18 62 1.41306596234
18 77 1.42480859673
18 96 1.43451656688
18 46 1.43699647874
18 43 1.43956471152
18 12 1.44294590242
18 28 1.44313235712
18 29 1.44452502516
18 66 1.44524756094
18 86 1.44763806246
18 93 1.44846317326
18 65 1.45001889551
18 74 1.45187417126
18 49 1.45450812132
18 24 1.45526890845
18 17 1.45729018126
18 85 1.45863340561
18 61 1.46136109124
18 70 1.46531241612
18 42 1.46553157978
18 22 1.4662375925
18 23 1.46713767635
18 10 1.47587655054
18 5 1.47875356277
18 84 1.47994536882
18 4 1.48333207325
18 81 1.48399813871
18 60 1.48595495884
18 36 1.48804573444
18 11 1.4881222519
18 50 1.49081295757
18 9 1.49166091846
18 19 1.49236708524
18 21 1.49291421619
18 13 1.495299353
18 38 1.49859375209
18 39 1.50083156341
18 56 1.50096413644
18 25 inf
18 48 inf
18 52 inf
18 53 inf
18 55 inf
18 64 inf
18 67 inf
18 87 inf
RANKED SIMILARITIES: 19
19 12 0.1491899712
19 47 0.175759402472
19 9 0.176055423721
19 56 0.202627253555
19 4 0.223049487265
19 82 0.320697613456
19 15 0.329734083853
19 6 0.991347762147
19 65 0.994295662029
19 32 1.00668227264
19 44 1.01756086445
19 89 1.01837688092
19 69 1.03039788239
19 95 1.03837363025
19 29 1.03925049462
19 63 1.05730869682
19 33 1.05921411403
19 68 1.06638774643
19 31 1.08782038914
19 3 1.09064798876
19 94 1.09605009965
19 51 1.10131288619
19 97 1.108773152
19 73 1.11950853283
19 14 1.13794321993
19 78 1.17291961622
19 85 1.1982118119
19 5 1.20769881792
19 83 1.25669274582
19 16 1.26458583278
19 13 1.33171171016
19 92 1.34124345227
19 40 1.37100971026
19 91 1.40987770851
19 8 1.43013074698
19 76 1.43429126594
19 54 1.48676167365
19 18 1.49236708524
19 45 1.52989049004
19 27 1.53877188712
19 37 1.5835433421
19 75 1.58677592713
19 79 1.59185653751
19 7 1.60485434033
19 2 1.61136812651
19 88 1.62764785467
19 58 1.73711536374
19 41 1.74083298331
19 34 1.81364660204
19 80 1.81773897946
19 90 1.82031474895
19 30 1.83550072364
19 72 1.84047620608
19 35 1.86134203784
19 20 1.8642634742
19 71 1.86592560209
19 57 1.86877517226
19 26 1.87268452249
19 59 1.87632512372
19 62 1.87635536007
19 77 1.88809532188
19 96 1.89780596462
19 46 1.90028587647
19 43 1.90285410925
19 28 1.90642175486
19 66 1.90853375214
19 86 1.91092746019
19 93 1.91174865085
19 74 1.91516356899
19 49 1.91778801486
19 24 1.91855830618
19 17 1.92058456747
19 61 1.92464656883
19 70 1.9285978937
19 42 1.92882097752
19 22 1.92952307009
19 23 1.93042315394
19 10 1.93916594828
19 84 1.94323476655
19 81 1.94728753644
19 60 1.94926204286
19 36 1.95133121202
19 11 1.95140772949
19 50 1.9541023553
19 21 1.95620361392
19 38 1.96188314982
19 39 1.96412096114
19 25 inf
19 48 inf
19 52 inf
19 53 inf
19 55 inf
19 64 inf
19 67 inf
19 87 inf
RANKED SIMILARITIES: 20
20 40 0.59872046708
20 92 0.672506742223
20 27 0.713368342628
20 6 0.901706130563
20 58 0.905003767696
20 32 0.911835668408
20 44 0.9205095976
20 89 0.922348009278
20 69 0.93746896295
20 95 0.941545796075
20 3 0.954544370216
20 63 0.960788524263
20 33 0.963355218015
20 68 0.970173371874
20 31 0.994940119176
20 94 0.998743679253
20 51 1.00495616324
20 97 1.00712095486
20 71 1.01645836745
20 73 1.02277428012
20 14 1.04127782921
20 26 1.042872273
20 46 1.05457130284
20 59 1.05620381422
20 66 1.07300194928
20 24 1.07938801755
20 93 1.08075447681
20 17 1.08894196968
20 70 1.08908418002
20 49 1.09389402851
20 61 1.09833599534
20 36 1.12019656368
20 35 1.12407714874
20 11 1.127086767
20 83 1.16040070072
20 16 1.168219747
20 22 1.19114345735
20 23 1.26389797426
20 76 1.30740467344
20 8 1.33310848196
20 54 1.39083657003
20 18 1.39767869574
20 45 1.43540670095
20 37 1.48730797937
20 75 1.49061102482
20 79 1.49523417245
20 7 1.50816505771
20 88 1.51202594848
20 2 1.53804125564
20 91 1.62301110819
20 78 1.63177395324
20 41 1.64506135415
20 77 1.65499374132
20 34 1.71707706462
20 82 1.71999444247
20 80 1.72070551171
20 15 1.72514383347
20 90 1.72892513741
20 30 1.7441111121
20 72 1.74814177657
20 47 1.75887266272
20 57 1.77738556072
20 62 1.78496574853
20 60 1.80476573992
20 96 1.80641635308
20 43 1.81146449771
20 28 1.81503214332
20 12 1.81601854773
20 29 1.81642481135
20 86 1.81953784865
20 65 1.82191868171
20 74 1.82377395745
20 85 1.83051363399
20 42 1.83743136598
20 10 1.84777633674
20 5 1.85065334896
20 84 1.85184515501
20 4 1.8550969253
20 81 1.85589792491
20 50 1.86271274376
20 9 1.86355730743
20 19 1.8642634742
20 21 1.86481400238
20 13 1.86719574196
20 38 1.87049353828
20 39 1.8727313496
20 56 1.87286052541
20 25 inf
20 48 inf
20 52 inf
20 53 inf
20 55 inf
20 64 inf
20 67 inf
20 87 inf
RANKED SIMILARITIES: 21
21 81 0.101913019275
21 96 0.109989004414
21 43 0.145778922977
21 62 0.156383928069
21 50 0.173109812655
21 38 0.204162538088
21 80 0.240033140993
21 57 0.251557661266
21 84 0.3275211802
21 72 0.387314528271
21 86 0.440733944994
21 74 0.796080646995
21 28 0.889189123778
21 6 0.993646270277
21 10 0.997646849778
21 32 1.00721110638
21 44 1.01811191554
21 89 1.01892454143
21 69 1.03094769526
21 95 1.03892221118
21 63 1.05785794466
21 33 1.05976516512
21 30 1.06272834978
21 68 1.06693512989
21 31 1.08837144024
21 3 1.09119388899
21 94 1.09659887335
21 51 1.10186393728
21 97 1.10932311686
21 73 1.12005958393
21 14 1.13848444023
21 83 1.25723867667
21 16 1.26513555978
21 39 1.30560331315
21 92 1.34180008741
21 40 1.37156076136
21 37 1.42572609483
21 8 1.43073644043
21 42 1.43458119352
21 76 1.43482649362
21 54 1.48731272474
21 18 1.49291421619
21 35 1.5024958569
21 45 1.53044154114
21 27 1.53931967213
21 75 1.58732697822
21 79 1.5924075886
21 7 1.6053996952
21 90 1.61404100268
21 88 1.62819419507
21 2 1.63078429727
21 91 1.71495124791
21 78 1.72371156188
21 58 1.73764478602
21 41 1.74138312339
21 82 1.81193458219
21 34 1.81419765314
21 15 1.81708319186
21 47 1.85081280243
21 71 1.86465558954
21 20 1.86481400238
21 26 1.87323557359
21 59 1.87687617481
21 77 1.88864512542
21 46 1.90062604713
21 29 1.9083582784
21 12 1.90867416529
21 66 1.90908480324
21 93 1.91229970194
21 65 1.91385133974
21 49 1.91834465
21 24 1.91910226525
21 17 1.92113287956
21 85 1.92246993429
21 61 1.92519761992
21 70 1.9291489448
21 22 1.93007412118
21 23 1.93097420503
21 5 1.94258832843
21 4 1.94716860193
21 60 1.94980829339
21 36 1.95188226312
21 11 1.95195878058
21 9 1.95549744714
21 19 1.95620361392
21 13 1.95913588168
21 56 1.96480066512
21 25 inf
21 48 inf
21 52 inf
21 53 inf
21 55 inf
21 64 inf
21 67 inf
21 87 inf
RANKED SIMILARITIES: 22
22 17 0.376833750516
22 23 0.413306547033
22 49 0.614639584017
22 40 0.704894806412
22 36 0.722665910042
22 92 0.761456823379
22 27 0.82335010542
22 35 0.903024640515
22 6 0.966965726445
22 32 0.980547570388
22 44 0.991426162196
22 89 0.992057783075
22 69 1.00422066769
22 95 1.012238928
22 3 1.02437896678
22 63 1.03117399457
22 33 1.03308462129
22 68 1.04025304418
22 31 1.06168568689
22 58 1.06642645766
22 94 1.06988620534
22 51 1.07517818394
22 97 1.07893267961
22 73 1.09336017315
22 14 1.11180851768
22 71 1.18189888396
22 20 1.19114345735
22 26 1.1969797645
22 59 1.2118526891
22 46 1.22037277996
22 66 1.23010464066
22 83 1.23055804357
22 16 1.23845113053
22 24 1.24364722461
22 93 1.24599798904
22 61 1.25202458954
22 70 1.25265015024
22 11 1.28346581937
22 76 1.37775643053
22 8 1.404051515
22 77 1.4281626599
22 54 1.46063218091
22 18 1.4662375925
22 45 1.50375578779
22 37 1.55740863985
22 75 1.56064122488
22 79 1.56572183526
22 7 1.57871963808
22 88 1.5807125222
22 2 1.60330085152
22 91 1.68827111028
22 78 1.69703407204
22 41 1.71469828106
22 82 1.78525403835
22 80 1.78596563051
22 34 1.78751189979
22 15 1.79040395227
22 90 1.79418525621
22 30 1.80937123091
22 72 1.81434150383
22 47 1.8241322586
22 60 1.83243962263
22 57 1.84264567953
22 62 1.85022586733
22 96 1.87167647188
22 43 1.87672461652
22 28 1.88029226212
22 29 1.88168493015
22 12 1.88199362146
22 86 1.88479796745
22 65 1.88717880051
22 74 1.88903407626
22 85 1.89577322987
22 42 1.90269148478
22 10 1.91303645554
22 5 1.91591346776
22 84 1.91710527382
22 4 1.92035652119
22 81 1.92115804371
22 50 1.92797286257
22 9 1.92881690331
22 19 1.92952307009
22 21 1.93007412118
22 13 1.93245533785
22 38 1.93575365708
22 39 1.9379914684
22 56 1.93812012129
22 25 inf
22 48 inf
22 52 inf
22 53 inf
22 55 inf
22 64 inf
22 67 inf
22 87 inf
RANKED SIMILARITIES: 23
23 22 0.413306547033
23 17 0.429347471664
23 49 0.678895352169
23 92 0.766712645085
23 40 0.772916454701
23 36 0.792961888558
23 27 0.897238951584
23 6 0.967865810295
