RANKED SIMILARITIES: 1
1 71 1.86483709932
1 29 1.87505398872
1 27 1.89733281968
1 7 1.89899340756
1 92 1.89907532731
1 77 1.89939718368
1 35 1.89961739418
1 26 1.8998668958
1 24 1.90001216715
1 20 1.9002404733
1 46 1.90055987811
1 49 1.90095154675
1 61 1.90110598376
1 58 1.90112187461
1 63 1.9014996293
1 59 1.90175162993
1 97 1.90175796256
1 73 1.90176112463
1 68 1.90176548776
1 83 1.90176636225
1 8 1.90176861127
1 76 1.90177694915
1 88 1.90177828054
1 32 1.90178644386
1 95 1.90178685088
1 33 1.90178759473
1 65 1.90178764625
1 80 1.90179051665
1 90 1.90179083031
1 94 1.90179171717
1 57 1.90179224456
1 89 1.90179226026
1 78 1.90179259686
1 86 1.90179290403
1 37 1.90179407586
1 15 1.90179434661
1 96 1.90179442132
1 43 1.90179518647
1 91 1.90179524465
1 74 1.90179549395
1 85 1.90179565085
1 44 1.90179565085
1 62 1.90179565085
1 79 1.90179565085
1 45 1.90179565085
1 2 1.90179565085
1 6 1.90179565085
1 47 1.90179565085
1 30 1.90179565085
1 82 1.90179565085
1 75 1.90179565085
1 70 1.90401772738
1 17 1.90572590072
1 31 1.90713596962
1 18 1.90862138244
1 22 1.90981096973
1 23 1.91225035437
1 42 1.91434430239
1 10 1.92420134686
1 5 1.92917785243
1 93 1.92970772636
1 14 1.93159439425
1 16 1.93669053508
1 28 1.93933844365
1 54 1.93940316552
1 3 1.93978892616
1 81 1.94123060506
1 84 1.94266504867
1 72 1.94306958068
1 66 1.94350567455
1 11 1.94739606706
1 36 1.94778079282
1 34 1.95098207934
1 4 1.9521936406
1 41 1.95273553317
1 9 1.95439414956
1 21 1.95769749601
1 50 1.96292704085
1 19 1.96688312402
1 60 1.96918692047
1 12 1.97045928215
1 13 1.9704951578
1 69 1.97146382551
1 56 1.97284666523
1 38 1.97304592123
1 39 1.97431528343
1 40 1.98195162683
1 51 1.98367922438
1 25 inf
1 48 inf
1 52 inf
1 53 inf
1 55 inf
1 64 inf
1 67 inf
1 87 inf
RANKED SIMILARITIES: 2
2 27 1.30401102761
2 6 1.30481392953
2 76 1.42400672318
2 91 1.45002147332
2 92 1.4883077624
2 78 1.49569509504
2 63 1.4966461461
2 58 1.5719972714
2 44 1.58627978048
2 32 1.60884381524
2 83 1.61093542544
2 15 1.65591943845
2 82 1.65979769137
2 97 1.66646394889
2 90 1.68524581383
2 80 1.71357688795
2 94 1.72349878263
2 7 1.73040511336
2 47 1.73295750719
2 85 1.77326917789
2 75 1.7825902224
2 30 1.79274411093
2 59 1.79619478269
2 62 1.79821195991
2 71 1.79938036599
2 95 1.80393944789
2 57 1.8063584472
2 88 1.80894025241
2 89 1.81449229399
2 77 1.82582701441
2 73 1.84236108036
2 68 1.84296750948
2 96 1.84640654347
2 33 1.84814110633
2 65 1.85382662722
2 46 1.85705954106
2 43 1.86204171134
2 35 1.86490570049
2 37 1.86810217709
2 79 1.87152489869
2 29 1.87693121101
2 20 1.88303825432
2 8 1.88470821188
2 49 1.88551893507
2 74 1.88948362644
2 45 1.89286679997
2 26 1.89515702457
2 61 1.89619446739
2 86 1.90010334427
2 24 1.90059222377
2 70 1.90389086365
2 17 1.90585637898
2 31 1.90713596962
2 18 1.90862530259
2 23 1.91214385941
2 22 1.91260135694
2 42 1.91434430239
2 5 1.91921296903
2 10 1.92420526898
2 14 1.93246746396
2 93 1.93306319018
2 4 1.93511158512
2 16 1.93669818898
2 3 1.93916781423
2 28 1.93933844365
2 54 1.93942531984
2 81 1.94123981205
2 84 1.94267425566
2 72 1.94307020432
2 9 1.94447605222
2 11 1.94677627833
2 66 1.94706258639
2 36 1.95080155931
2 34 1.95098207934
2 41 1.95273644418
2 19 1.95624190641
2 21 1.95769749601
2 12 1.95959848278
2 13 1.96229111843
2 50 1.96292783164
2 56 1.96687405811
2 69 1.97142667871
2 60 1.9729069371
2 38 1.97304592123
2 39 1.97431528343
2 40 1.98118699147
2 51 1.98367922438
2 25 inf
2 48 inf
2 52 inf
2 53 inf
2 55 inf
2 64 inf
2 67 inf
2 87 inf
RANKED SIMILARITIES: 3
3 32 0.933201063098
3 68 0.939924196507
3 63 0.982677062643
3 89 1.01699671019
3 94 1.05105843463
3 69 1.39126970521
3 83 1.49292916567
3 45 1.53713739885
3 16 1.55817433612
3 14 1.56087733519
3 54 1.56348514001
3 44 1.56420272777
3 8 1.57643022213
3 75 1.60244421505
3 18 1.60515445874
3 73 1.61882346413
3 88 1.63406143716
3 97 1.64712730111
3 79 1.66838551674
3 40 1.67245140476
3 31 1.67286528935
3 7 1.67844537262
3 95 1.67894225523
3 51 1.69830764393
3 34 1.70873103238
3 37 1.71779073931
3 33 1.71990952851
3 76 1.72549494792
3 41 1.74603153566
3 72 1.7971579352
3 35 1.82473665031
3 20 1.83917663533
3 92 1.89963346471
3 27 1.89981508391
3 46 1.90000717894
3 24 1.90003253812
3 70 1.90007855523
3 71 1.90014931752
3 26 1.90019395872
3 49 1.90023269229
3 93 1.90044406188
3 58 1.90048314068
3 61 1.90051612819
3 59 1.90089962736
3 12 1.9015122428
3 17 1.9026988667
3 22 1.90304616637
3 77 1.90482483618
3 23 1.90538013658
3 11 1.90792323521
3 66 1.90857332254
3 36 1.91247682182
3 80 1.93421084503
3 2 1.93916781423
3 85 1.93983546014
3 29 1.93984646985
3 65 1.93984646985
3 5 1.93984646985
3 90 1.93984680018
3 10 1.9398476986
3 57 1.93984821443
3 78 1.93984856673
3 86 1.93984887391
3 15 1.93985031648
3 96 1.93985039119
3 43 1.93985115634
3 91 1.93985121452
3 74 1.93985146382
3 47 1.93985162072
3 28 1.93985162072
3 62 1.93985162072
3 6 1.93985162072
3 30 1.93985162072
3 82 1.93985162072
3 42 1.93985162072
3 81 1.94123466118
3 84 1.9426691048
3 60 1.95036388417
3 4 1.95206210369
3 9 1.95439414956
3 21 1.95769749601
3 50 1.96292704085
3 19 1.96688312402
3 13 1.9704951578
3 56 1.97284666523
3 38 1.97304592123
3 39 1.97431528343
3 25 inf
3 48 inf
3 52 inf
3 53 inf
3 55 inf
3 64 inf
3 67 inf
3 87 inf
RANKED SIMILARITIES: 4
4 19 0.67243056802
4 15 0.737972222872
4 82 0.77244419308
4 47 0.848131489316
4 9 1.27900458449
4 12 1.4260788926
4 85 1.46217703122
4 5 1.49565942008
4 56 1.50868644653
4 29 1.52288098913
4 65 1.55632206391
4 78 1.56096800309
4 13 1.62565260811
4 91 1.68469527251
4 2 1.93511158512
4 6 1.95203195982
4 17 1.95206210369
4 22 1.95206210369
4 66 1.95206210369
4 97 1.95206210369
4 27 1.95206210369
4 46 1.95206210369
4 93 1.95206210369
4 3 1.95206210369
4 24 1.95206210369
4 77 1.95206210369
4 35 1.95206210369
4 71 1.95206210369
4 89 1.95206210369
4 11 1.95206210369
4 59 1.95206210369
4 61 1.95206210369
4 70 1.95206210369
4 36 1.95206210369
4 76 1.95206210369
4 20 1.95206210369
4 92 1.95206210369
4 80 1.95206210369
4 26 1.95206210369
4 58 1.95206210369
4 23 1.95206210369
4 49 1.95206210369
4 8 1.95213817033
4 94 1.95216734704
4 86 1.9521936406
4 7 1.9521936406
4 14 1.9521936406
4 54 1.9521936406
4 68 1.9521936406
4 16 1.9521936406
4 84 1.9521936406
4 43 1.9521936406
4 90 1.9521936406
4 28 1.9521936406
4 44 1.9521936406
4 31 1.9521936406
4 62 1.9521936406
4 63 1.9521936406
4 95 1.9521936406
4 96 1.9521936406
4 10 1.9521936406
4 18 1.9521936406
4 57 1.9521936406
4 79 1.9521936406
4 81 1.9521936406
4 88 1.9521936406
4 30 1.9521936406
4 37 1.9521936406
4 72 1.9521936406
4 32 1.9521936406
4 33 1.9521936406
4 75 1.9521936406
4 34 1.9521936406
4 42 1.9521936406
4 45 1.9521936406
4 73 1.9521936406
4 83 1.9521936406
4 74 1.9521936406
4 41 1.95273644418
4 21 1.95769749601
4 50 1.96292783164
4 69 1.97142667871
4 38 1.97304592123
4 60 1.97357830211
4 39 1.97431528343
4 40 1.98185835648
4 51 1.98367922438
4 25 inf
4 48 inf
4 52 inf
4 53 inf
4 55 inf
4 64 inf
4 67 inf
4 87 inf
RANKED SIMILARITIES: 5
5 29 0.663058965306
5 13 0.834785181965
5 78 1.12041177002
5 9 1.30314056922
5 85 1.37695569969
5 65 1.38312931829
5 19 1.42837167987
5 56 1.47611293244
5 4 1.49565942008
5 82 1.55082454216
5 12 1.56828544756
5 91 1.65191382575
5 15 1.68091006103
5 47 1.74778959314
5 2 1.91921296903
5 8 1.92912723741
5 17 1.92917785243
5 7 1.92917785243
5 27 1.92917785243
5 71 1.92917785243
5 24 1.92917785243
5 76 1.92917785243
5 32 1.92917785243
5 58 1.92917785243
5 83 1.92917841535
5 90 1.92917871506
5 88 1.9291788249
5 10 1.92917961348
5 18 1.92917961545
5 68 1.92917986795
5 57 1.92918012931
5 89 1.92918014501
5 86 1.92918078878
5 95 1.92918106543
5 94 1.9291812582
5 63 1.92918173234
5 37 1.92918196061
5 77 1.92918228803
5 96 1.92918230606
5 97 1.92918244936
5 80 1.92918250875
5 20 1.92918301267
5 43 1.92918307122
5 35 1.92918330237
5 74 1.92918337869
5 22 1.92918353559
5 31 1.92918353559
5 44 1.92918353559
5 46 1.92918353559
5 70 1.92918353559
5 62 1.92918353559
5 6 1.92918353559
5 61 1.92918353559
5 79 1.92918353559
5 30 1.92918353559
5 59 1.92918353559
5 92 1.92918353559
5 45 1.92918353559
5 33 1.92918353559
5 75 1.92918353559
5 26 1.92918353559
5 42 1.92918353559
5 73 1.92918353559
5 23 1.92918353559
5 49 1.92918353559
5 14 1.9324617808
5 93 1.9338660921
5 16 1.93669686488
5 28 1.93933844365
5 54 1.93942531984
5 3 1.93984646985
5 81 1.94123412889
5 84 1.9426685725
5 72 1.94306958068
5 11 1.94757918025
5 66 1.94786548831
5 34 1.95098207934
5 36 1.95160446122
5 41 1.95273553317
5 21 1.95769749601
5 50 1.96292704085
5 69 1.97146382551
5 38 1.97304592123
5 60 1.97370503846
5 39 1.97431528343
5 40 1.98198989339
5 51 1.98367922438
5 25 inf
5 48 inf
5 52 inf
5 53 inf
5 55 inf
5 64 inf
5 67 inf
5 87 inf
RANKED SIMILARITIES: 6
6 27 1.13439415706
6 2 1.30481392953
6 76 1.4246011852
6 91 1.47446291143
6 92 1.48911066432
6 63 1.4966461461
6 78 1.51172939226
6 58 1.57280017332
6 44 1.58627978048
6 32 1.60884381524
6 83 1.61093542544
6 97 1.66690749355
6 82 1.67401986676
6 15 1.68188624695
6 90 1.68524581383
6 80 1.71422077887
6 94 1.72352507619
6 7 1.73040511336
6 47 1.74631591948
6 75 1.7825902224
6 30 1.79274411093
6 59 1.79699768461
6 62 1.79821195991
6 71 1.80018326791
6 95 1.80393944789
6 57 1.8063584472
6 88 1.80894025241
6 89 1.81467408144
6 77 1.82662991632
6 73 1.84236108036
6 68 1.84296750948
6 96 1.84640654347
6 33 1.84814110633
6 46 1.85786244298
6 43 1.86204171134
6 35 1.8657086024
6 37 1.86810217709
6 79 1.87152489869
6 65 1.87225345033
6 20 1.88384115624
6 8 1.88476368215
6 49 1.88632183699
6 29 1.88648578279
6 74 1.88948362644
6 45 1.89286679997
6 85 1.89402383029
6 26 1.89595992649
6 61 1.8969973693
6 86 1.90010334427
6 24 1.90139512569
6 70 1.90469376557
6 17 1.9066592809
6 31 1.90713596962
6 18 1.90862530259
6 23 1.91294676133
6 22 1.91340425886
6 42 1.91434430239
6 10 1.92420526898
6 5 1.92918353559
6 14 1.93246746396
6 93 1.9338660921
6 16 1.93669818898
6 28 1.93933844365
6 54 1.93942531984
6 3 1.93985162072
6 81 1.94123981205
6 84 1.94267425566
6 72 1.94307020432
6 11 1.94757918025
6 66 1.94786548831
6 34 1.95098207934
6 36 1.95160446122
6 4 1.95203195982
6 41 1.95273644418
6 9 1.95432451895
6 21 1.95769749601
6 50 1.96292783164
6 19 1.9659966569
6 13 1.9703175016
6 12 1.97041340073
6 69 1.97146506374
6 56 1.97284666523
6 38 1.97304592123
6 60 1.97370983902
6 39 1.97431528343
6 40 1.98198989339
6 51 1.98367922438
6 25 inf
6 48 inf
6 52 inf
6 53 inf
6 55 inf
6 64 inf
6 67 inf
6 87 inf
RANKED SIMILARITIES: 7
7 54 1.10812686925
7 44 1.28862847354
7 89 1.33386217009
7 83 1.34037144309
7 8 1.36634638703
7 32 1.36690468575
7 75 1.37248785243
7 14 1.40076844501
7 95 1.40867721755
7 18 1.46408343095
7 68 1.46538990942
7 16 1.48777636542
7 63 1.51448619959
7 97 1.51961412617
7 73 1.53474773871
7 51 1.54885897609
7 41 1.55385434476
7 76 1.56269151201
7 94 1.56362458397
7 88 1.56664785997
7 79 1.5701863353
7 31 1.63171994993
7 33 1.63941487354
7 37 1.65087614614
7 3 1.67844537262
7 34 1.68233709377
7 45 1.68463126699
7 78 1.73038312464
7 27 1.73039941714
7 58 1.73039941714
7 90 1.73040029283
7 15 1.73040380912
7 80 1.73040408652
7 91 1.73040470716
7 2 1.73040511336
7 82 1.73040511336
7 6 1.73040511336
7 92 1.73040511336
7 47 1.74631591948
7 40 1.78259275491
7 69 1.78924186762
7 30 1.79274411093
7 59 1.79699768461
7 62 1.79821195991
7 71 1.80017757168
7 57 1.80635504091
7 35 1.80881555033
7 20 1.82144667326
7 77 1.82662866876
7 96 1.84640531394
7 46 1.85786244298
7 43 1.86204124697
7 72 1.86230552359
7 65 1.8722477541
7 49 1.88629328501
7 29 1.88666910054
7 74 1.88948346954
7 85 1.89408025537
7 26 1.89595992649
7 61 1.8969973693
7 86 1.90010059746
7 24 1.90138942946
7 12 1.90383969996
7 70 1.90469376557
7 17 1.90665358467
7 23 1.91294676133
7 22 1.91340425886
7 42 1.91434430239
7 10 1.92420134686
7 5 1.92917785243
7 93 1.9338660921
7 28 1.93933844365
7 81 1.94123411582
7 84 1.94266855943
7 66 1.94675207627
7 11 1.94757918025
7 36 1.95160446122
7 4 1.9521936406
7 9 1.95439414956
7 21 1.95769749601
7 50 1.96292704085
7 19 1.96688312402
7 13 1.9704951578
7 56 1.97284666523
7 38 1.97304592123
7 60 1.97370503846
7 39 1.97431528343
7 25 inf
7 48 inf
7 52 inf
7 53 inf
7 55 inf
7 64 inf
7 67 inf
7 87 inf
RANKED SIMILARITIES: 8
8 44 1.14466776819
8 14 1.16963886502
8 18 1.17806542986
8 54 1.17963062726
8 89 1.18078088659
8 16 1.30577510072
8 51 1.3068716996
8 7 1.36634638703
8 73 1.42843868409
8 68 1.42876359113
8 75 1.43481102224
8 95 1.43497645261
8 83 1.44305193601
8 34 1.4449100203
8 79 1.45025289717
8 32 1.48695024678
8 31 1.50023071999
8 41 1.53749263882
8 3 1.57643022213
8 37 1.59521648805
8 88 1.60051854142
8 45 1.60798704372
8 33 1.62503965081
8 63 1.64194028762
8 69 1.64839986079
8 97 1.65038521215
8 76 1.66110467908
8 40 1.66523609709
8 94 1.66867783176
8 20 1.81445777315
8 35 1.81651394993
8 72 1.86740402183
8 78 1.88470738396
8 15 1.88470738396
8 65 1.88470738396
8 91 1.88470780567
8 47 1.88470821188
8 82 1.88470821188
8 2 1.88470821188
8 57 1.88476285424
8 77 1.88476285424
8 90 1.88476285424
8 96 1.88476285424
8 80 1.88476285424
8 27 1.88476285424
8 71 1.88476285424
8 58 1.88476285424
8 43 1.88476321777
8 62 1.88476368215
8 30 1.88476368215
8 46 1.88476368215
8 6 1.88476368215
8 59 1.88476368215
8 92 1.88476368215
8 49 1.88626831236
8 29 1.88663758864
8 74 1.88948346954
8 85 1.8940247851
8 26 1.89595992649
8 61 1.8969973693
8 12 1.89935119963
8 86 1.90010251636
8 24 1.90139429777
8 70 1.90469376557
8 17 1.90665845299
8 23 1.91294676133
8 22 1.91340425886
8 42 1.91434430239
8 10 1.92420444106
8 5 1.92912723741
8 93 1.9338660921
8 28 1.93933844365
8 81 1.94123898414
8 84 1.94267342775
8 66 1.9456302802
8 11 1.94757918025
8 36 1.95160446122
8 4 1.95213817033
8 9 1.95433867929
8 21 1.95769749601
8 50 1.96292704085
8 19 1.96682765375
8 13 1.97043968753
8 56 1.97279119495
8 38 1.97304592123
8 60 1.97370901111
8 39 1.97431528343
8 25 inf
8 48 inf
8 52 inf
8 53 inf
8 55 inf
8 64 inf
8 67 inf
8 87 inf
RANKED SIMILARITIES: 9
9 19 1.13425557821
9 82 1.23126560022
9 4 1.27900458449
9 5 1.30314056922
9 29 1.36372078603
9 85 1.36530627858
9 56 1.40507817556
9 65 1.42278600375
9 78 1.45505459047
9 12 1.49167161477
9 13 1.50287661957
9 15 1.54459371099
9 47 1.5520701316
9 91 1.67956004863
9 2 1.94447605222
9 6 1.95432451895
9 8 1.95433867929
9 17 1.95439414956
9 86 1.95439414956
9 7 1.95439414956
9 68 1.95439414956
9 14 1.95439414956
9 66 1.95439414956
9 97 1.95439414956
9 54 1.95439414956
9 95 1.95439414956
9 22 1.95439414956
9 84 1.95439414956
9 16 1.95439414956
9 27 1.95439414956
9 28 1.95439414956
9 43 1.95439414956
9 71 1.95439414956
9 35 1.95439414956
9 70 1.95439414956
9 77 1.95439414956
9 90 1.95439414956
9 93 1.95439414956
9 24 1.95439414956
9 31 1.95439414956
9 44 1.95439414956
9 46 1.95439414956
9 63 1.95439414956
9 3 1.95439414956
9 36 1.95439414956
9 57 1.95439414956
9 62 1.95439414956
9 88 1.95439414956
9 89 1.95439414956
9 96 1.95439414956
9 18 1.95439414956
9 37 1.95439414956
9 79 1.95439414956
9 11 1.95439414956
9 20 1.95439414956
9 30 1.95439414956
9 59 1.95439414956
9 81 1.95439414956
9 10 1.95439414956
9 41 1.95439414956
9 61 1.95439414956
9 92 1.95439414956
9 94 1.95439414956
9 45 1.95439414956
9 76 1.95439414956
9 32 1.95439414956
9 72 1.95439414956
9 33 1.95439414956
9 75 1.95439414956
9 26 1.95439414956
9 34 1.95439414956
9 42 1.95439414956
9 80 1.95439414956
9 73 1.95439414956
9 58 1.95439414956
9 23 1.95439414956
9 83 1.95439414956
9 49 1.95439414956
9 74 1.95439414956
9 21 1.95769749601
9 50 1.96292783164
9 69 1.97146506374
9 38 1.97304592123
9 60 1.97370983902
9 39 1.97431528343
9 40 1.98198989339
9 51 1.98367922438
9 25 inf
9 48 inf
9 52 inf
9 53 inf
9 55 inf
9 64 inf
9 67 inf
9 87 inf
RANKED SIMILARITIES: 10
10 30 0.965580940911
10 81 1.33298168888
10 96 1.36167593459
10 21 1.36213016737
10 28 1.40638415063
10 86 1.40791419552
10 74 1.42685838189
10 57 1.43502019181
10 39 1.43950609007
10 38 1.47637994515
10 62 1.52671273774
10 42 1.53382051257
10 50 1.565356756
10 84 1.56857019021
10 43 1.57815471382
10 72 1.63475486837
10 80 1.64155863961
10 35 1.68829309115
10 90 1.75429318432
10 37 1.80196221767
10 71 1.92238719275
10 46 1.92399438854
10 17 1.92420134686
10 7 1.92420134686
10 29 1.92420134686
10 27 1.92420134686
10 24 1.92420134686
10 65 1.92420134686
10 88 1.92420134686
10 76 1.92420134686
10 32 1.92420134686
10 58 1.92420134686
10 83 1.92420134686
10 18 1.92420134883
10 68 1.92420160133
10 89 1.92420187839
10 78 1.92420221499
10 95 1.92420279881
10 94 1.92420299158
10 63 1.92420346572
10 15 1.92420396473
10 77 1.92420402142
10 97 1.92420418274
10 8 1.92420444106
10 20 1.92420474606
10 91 1.92420486277
10 85 1.92420526898
10 47 1.92420526898
10 22 1.92420526898
10 70 1.92420526898
10 31 1.92420526898
10 2 1.92420526898
10 44 1.92420526898
10 6 1.92420526898
10 59 1.92420526898
10 79 1.92420526898
10 92 1.92420526898
10 61 1.92420526898
10 82 1.92420526898
10 45 1.92420526898
10 75 1.92420526898
10 26 1.92420526898
10 33 1.92420526898
10 73 1.92420526898
10 23 1.92420526898
10 49 1.92420526898
10 5 1.92917961348
10 14 1.93246354184
10 93 1.9338660921
10 16 1.93669686488
10 54 1.93942531984
10 3 1.9398476986
10 11 1.94757918025
10 66 1.94786548831
10 34 1.95098207934
10 36 1.95160446122
10 4 1.9521936406
10 41 1.95273553317
10 9 1.95439414956
10 19 1.96688312402
10 12 1.97045928215
10 13 1.9704951578
10 69 1.97146382551
10 56 1.97284666523
10 60 1.9737059169
10 40 1.98198989339
10 51 1.98367922438
10 25 inf
10 48 inf
10 52 inf
10 53 inf
10 55 inf
10 64 inf
10 67 inf
10 87 inf
RANKED SIMILARITIES: 11
11 93 1.17343340383
11 61 1.20206896798
11 26 1.20614964526
11 59 1.26518751788
11 49 1.33607976114
11 71 1.35766693618
11 20 1.3893773986
11 46 1.39729366549
11 70 1.4112040279
11 17 1.44163518135
11 24 1.47264945849
11 35 1.52678500865
11 92 1.5269291306
11 27 1.54509729802
11 22 1.57351718839
11 58 1.57542509585
11 66 1.58276871365
11 36 1.58670899341
11 23 1.71387235373
11 40 1.74190763226
11 77 1.81695167314
11 3 1.90792323521
11 76 1.91717904709
11 60 1.93980631401
11 80 1.94193532404
11 97 1.94415374478
11 2 1.94677627833
11 89 1.94739478466
11 94 1.94754998819
11 85 1.94756301967
11 78 1.94757918025
11 86 1.94757918025
11 16 1.94757918025
11 88 1.94757918025
11 54 1.94757918025
11 43 1.94757918025
11 33 1.94757918025
11 47 1.94757918025
11 57 1.94757918025
11 84 1.94757918025
11 90 1.94757918025
11 95 1.94757918025
11 15 1.94757918025
11 68 1.94757918025
11 29 1.94757918025
11 7 1.94757918025
11 28 1.94757918025
11 37 1.94757918025
11 62 1.94757918025
11 81 1.94757918025
11 14 1.94757918025
11 18 1.94757918025
11 6 1.94757918025
11 65 1.94757918025
11 79 1.94757918025
11 82 1.94757918025
11 96 1.94757918025
11 30 1.94757918025
11 5 1.94757918025
11 10 1.94757918025
11 45 1.94757918025
11 72 1.94757918025
11 91 1.94757918025
11 44 1.94757918025
11 31 1.94757918025
11 32 1.94757918025
11 42 1.94757918025
11 63 1.94757918025
11 75 1.94757918025
11 83 1.94757918025
11 8 1.94757918025
11 74 1.94757918025
11 73 1.94757918025
11 34 1.95098207934
11 4 1.95206210369
11 41 1.95273644418
11 9 1.95439414956
11 21 1.95769749601
11 50 1.96292783164
11 19 1.96688312402
11 12 1.97045928215
11 13 1.9704951578
11 69 1.97142255129
11 56 1.97284666523
11 38 1.97304592123
11 39 1.97431528343
11 51 1.98367922438
11 25 inf
11 48 inf
11 52 inf
11 53 inf
11 55 inf
11 64 inf
11 67 inf
11 87 inf
RANKED SIMILARITIES: 12
12 56 1.04817077338
12 4 1.4260788926
12 19 1.45816651488
12 9 1.49167161477
12 29 1.52094828674
12 5 1.56828544756
12 85 1.57541868155
12 13 1.59581914975
12 65 1.62491610473
12 78 1.62901944706
12 82 1.66470702014
12 91 1.70600207276
12 15 1.74553077884
12 47 1.85362782585
12 40 1.87771623604
12 73 1.88738217517
12 79 1.89555732395
12 14 1.898550439
12 31 1.89910187297
12 8 1.89935119963
12 44 1.90085677877
12 3 1.9015122428
12 89 1.90156217647
12 94 1.90203367374
12 16 1.90311098995
12 7 1.90383969996
12 54 1.90391544113
12 75 1.90475675093
12 41 1.90485897352
12 69 1.90499484405
12 34 1.90499800929
12 83 1.90511685432
12 45 1.90534481138
12 95 1.9079588683
12 68 1.90811267048
12 18 1.90879015868
12 88 1.91016249113
12 97 1.91110976588
12 33 1.92340553307
12 32 1.92357556824
12 37 1.92391336207
12 63 1.92524498786
12 76 1.92551013119
12 51 1.92766726595
12 20 1.93399634062
12 35 1.94008641374
12 72 1.94179802591
12 2 1.95959848278
12 6 1.97041340073
12 66 1.97045571403
12 17 1.97045928215
12 86 1.97045928215
12 22 1.97045928215
12 84 1.97045928215
12 28 1.97045928215
12 43 1.97045928215
12 70 1.97045928215
12 77 1.97045928215
12 27 1.97045928215
12 46 1.97045928215
12 71 1.97045928215
12 90 1.97045928215
12 93 1.97045928215
12 96 1.97045928215
12 21 1.97045928215
12 24 1.97045928215
12 62 1.97045928215
12 36 1.97045928215
12 57 1.97045928215
12 11 1.97045928215
12 30 1.97045928215
12 59 1.97045928215
12 81 1.97045928215
12 10 1.97045928215
12 61 1.97045928215
12 50 1.97045928215
12 92 1.97045928215
12 80 1.97045928215
12 26 1.97045928215
12 42 1.97045928215
12 58 1.97045928215
12 23 1.97045928215
12 49 1.97045928215
12 74 1.97045928215
12 38 1.97304592123
12 60 1.97370983902
12 39 1.97431528343
12 25 inf
12 48 inf
12 52 inf
12 53 inf
12 55 inf
12 64 inf
12 67 inf
12 87 inf
RANKED SIMILARITIES: 13
13 5 0.834785181965
13 29 1.26747937182
13 78 1.40652528606
13 9 1.50287661957
13 56 1.53057722968
13 85 1.535779653
13 65 1.55152829468
13 19 1.59083894115
13 12 1.59581914975
13 4 1.62565260811
13 82 1.6847203146
13 91 1.69502764357
13 15 1.78369149961
13 47 1.84263676773
13 2 1.96229111843
13 6 1.9703175016
13 8 1.97043968753
13 17 1.9704951578
13 86 1.9704951578
13 7 1.9704951578
13 68 1.9704951578
13 66 1.9704951578
13 14 1.9704951578
13 54 1.9704951578
13 97 1.9704951578
13 28 1.9704951578
13 84 1.9704951578
13 16 1.9704951578
13 43 1.9704951578
13 22 1.9704951578
13 35 1.9704951578
13 71 1.9704951578
13 95 1.9704951578
13 27 1.9704951578
13 90 1.9704951578
13 93 1.9704951578
13 21 1.9704951578
13 24 1.9704951578
13 31 1.9704951578
13 44 1.9704951578
13 46 1.9704951578
13 63 1.9704951578
13 70 1.9704951578
13 3 1.9704951578
13 62 1.9704951578
13 96 1.9704951578
13 36 1.9704951578
13 57 1.9704951578
13 89 1.9704951578
13 37 1.9704951578
13 59 1.9704951578
13 79 1.9704951578
13 81 1.9704951578
13 88 1.9704951578
13 10 1.9704951578
13 11 1.9704951578
13 18 1.9704951578
13 20 1.9704951578
13 77 1.9704951578
13 92 1.9704951578
13 94 1.9704951578
13 30 1.9704951578
13 61 1.9704951578
13 41 1.9704951578
13 45 1.9704951578
13 50 1.9704951578
13 72 1.9704951578
13 76 1.9704951578
13 32 1.9704951578
13 75 1.9704951578
13 26 1.9704951578
13 33 1.9704951578
13 34 1.9704951578
13 42 1.9704951578
13 80 1.9704951578
13 58 1.9704951578
13 73 1.9704951578
13 83 1.9704951578
13 23 1.9704951578
13 49 1.9704951578
13 74 1.9704951578
13 69 1.97146506374
13 38 1.97304592123
13 60 1.97370983902
13 39 1.97431528343
13 40 1.98198989339
13 51 1.98367922438
13 25 inf
13 48 inf
13 52 inf
13 53 inf
13 55 inf
13 64 inf
13 67 inf
13 87 inf
RANKED SIMILARITIES: 14
14 18 1.15948545805
14 8 1.16963886502
14 54 1.18456858193
14 89 1.22829323337
14 44 1.22966836973
14 51 1.31721038935
14 16 1.32217132959
14 7 1.40076844501
14 83 1.41922491062
14 75 1.45603723111
14 95 1.45728196537
14 68 1.46393614838
14 32 1.477446012
14 73 1.50805598753
14 79 1.52345819738
14 41 1.54378054018
14 3 1.56087733519
14 31 1.56374806509
14 69 1.62717350688
14 88 1.63123621808
14 45 1.6318736216
14 63 1.66525990403
14 34 1.66575543072
14 37 1.67241987985
14 76 1.68012381589
14 97 1.68787218605
14 40 1.68812140007
14 94 1.70070922574
14 33 1.71303583048
14 72 1.83005939725
14 35 1.85669876996
14 20 1.86668585022
14 12 1.898550439
14 71 1.93245763316
14 58 1.93245763316
14 27 1.93245861382
14 17 1.93245914091
14 65 1.93245945936
14 29 1.93246026837
14 24 1.93246037193
14 5 1.9324617808
14 90 1.93246264342
14 10 1.93246354184
14 57 1.93246405767
14 78 1.93246440997
14 86 1.93246471715
14 15 1.93246615972
14 77 1.9324662164
14 96 1.93246623443
14 80 1.93246643712
14 43 1.93246699958
14 91 1.93246705776
14 74 1.93246730706
14 85 1.93246746396
14 47 1.93246746396
14 22 1.93246746396
14 62 1.93246746396
14 30 1.93246746396
14 82 1.93246746396
14 46 1.93246746396
14 59 1.93246746396
14 6 1.93246746396
14 70 1.93246746396
14 2 1.93246746396
14 42 1.93246746396
14 61 1.93246746396
14 92 1.93246746396
14 26 1.93246746396
14 23 1.93246746396
14 49 1.93246746396
14 93 1.9338660921
14 28 1.93933844365
14 81 1.94123042162
14 84 1.94266442487
14 66 1.94748078578
14 11 1.94757918025
14 36 1.95160446122
14 4 1.9521936406
14 9 1.95439414956
14 21 1.95769749601
14 50 1.96292704085
14 19 1.96688312402
14 13 1.9704951578
14 56 1.97284666523
14 38 1.97304592123
14 60 1.97370503846
14 39 1.97431528343
14 25 inf
14 48 inf
14 52 inf
14 53 inf
14 55 inf
14 64 inf
14 67 inf
14 87 inf
RANKED SIMILARITIES: 15
15 47 0.595942283081
15 82 0.672953346869
15 4 0.737972222872
15 19 0.987723792324
15 78 1.46832033309
15 91 1.5095211747
15 9 1.54459371099
15 85 1.59911075067
15 65 1.6461862413
15 2 1.65591943845
15 29 1.65845856538
15 5 1.68091006103
15 6 1.68188624695
15 63 1.68191330997
15 92 1.68191461421
15 27 1.68191917906
15 76 1.68191917906
15 32 1.68191917906
15 58 1.68191917906
15 83 1.68191917906
15 97 1.68191939707
15 44 1.6819204833
15 90 1.68524450959
15 80 1.71421975202
15 94 1.72180610614
15 7 1.73040380912
15 12 1.74553077884
15 75 1.7825902224
15 13 1.78369149961
15 30 1.79274411093
15 59 1.79699768461
15 62 1.79821195991
15 71 1.80018196367
15 56 1.80339768571
15 95 1.80393814365
15 57 1.80635714296
15 88 1.80893894816
15 89 1.8146727772
15 77 1.82662866876
15 73 1.84236108036
15 68 1.84296620524
15 96 1.84640531394
15 33 1.84814110633
15 46 1.85786244298
15 43 1.86204124697
15 35 1.86570836918
15 37 1.86810087285
15 79 1.87152489869
15 20 1.88384063332
15 8 1.88470738396
15 49 1.88632183699
15 74 1.88948346954
15 45 1.89286679997
15 26 1.89595992649
15 61 1.8969973693
15 86 1.90010204003
15 24 1.90139382144
15 70 1.90469376557
15 17 1.90665797666
15 31 1.90713596962
15 18 1.90862399834
15 23 1.91294676133
15 22 1.91340425886
15 42 1.91434430239
15 10 1.92420396473
15 14 1.93246615972
15 93 1.9338660921
15 16 1.93669688474
15 28 1.93933844365
15 54 1.93942531984
15 3 1.93985031648
15 81 1.94123850781
15 84 1.94267295142
15 72 1.94306958068
15 11 1.94757918025
15 66 1.94786548831
15 34 1.95098207934
15 36 1.95160446122
15 41 1.95273553317
15 21 1.95769749601
15 50 1.96292704085
15 69 1.97146382551
15 38 1.97304592123
15 60 1.97370853478
15 39 1.97431528343
15 40 1.98198989339
15 51 1.98367922438
15 25 inf
15 48 inf
15 52 inf
15 53 inf
15 55 inf
15 64 inf
15 67 inf
15 87 inf
RANKED SIMILARITIES: 16
16 37 1.09061885548
16 83 1.2071202885
16 8 1.30577510072
16 14 1.32217132959
16 89 1.36692393015
16 54 1.3880731642
16 18 1.3945189979
16 79 1.39646292971
16 75 1.41552284777
16 73 1.4242673332
16 44 1.46228915401
16 95 1.48057500141
16 32 1.48571115285
16 7 1.48777636542
16 68 1.50944637771
16 3 1.55817433612
16 31 1.55959992094
16 51 1.56161890957
16 41 1.5672884112
16 34 1.59438941028
16 40 1.64215803446
16 69 1.6459241284
16 76 1.64750591461
16 63 1.67638018239
16 45 1.67854863447
16 88 1.69350267146
16 97 1.71470201975
16 94 1.7153320039
16 33 1.7461104606
16 72 1.82682362038
16 20 1.87160105564
16 35 1.88167557323
16 12 1.90311098995
16 17 1.93669686488
16 78 1.93669686488
16 86 1.93669686488
16 57 1.93669686488
16 27 1.93669686488
16 90 1.93669686488
16 24 1.93669686488
16 71 1.93669686488
16 58 1.93669686488
16 29 1.93669686488
16 10 1.93669686488
16 65 1.93669686488
16 5 1.93669686488
16 15 1.93669688474
16 77 1.93669694142
16 96 1.93669695944
16 80 1.93669716214
16 43 1.9366977246
16 91 1.93669778277
16 74 1.93669803208
16 47 1.93669818898
16 22 1.93669818898
16 93 1.93669818898
16 46 1.93669818898
16 70 1.93669818898
16 2 1.93669818898
16 6 1.93669818898
16 59 1.93669818898
16 85 1.93669818898
16 62 1.93669818898
16 92 1.93669818898
16 61 1.93669818898
16 30 1.93669818898
16 26 1.93669818898
16 82 1.93669818898
16 23 1.93669818898
16 49 1.93669818898
16 42 1.93669818898
16 28 1.93933844365
16 81 1.94123848795
16 84 1.94267293157
16 66 1.94703813886
16 11 1.94757918025
16 36 1.95160446122
16 4 1.9521936406
16 9 1.95439414956
16 21 1.95769749601
16 50 1.96292704085
16 19 1.96688312402
16 13 1.9704951578
16 56 1.97284666523
16 38 1.97304592123
16 60 1.97370851492
16 39 1.97431528343
16 25 inf
16 48 inf
16 52 inf
16 53 inf
16 55 inf
16 64 inf
16 67 inf
16 87 inf
RANKED SIMILARITIES: 17
17 49 0.718272067923
17 93 1.39387413655
17 11 1.44163518135
17 70 1.44797256602
17 26 1.48493527269
17 22 1.52189749238
17 27 1.53474605822
17 35 1.54857183193
17 61 1.55466679284
17 71 1.56601322142
17 36 1.57009888178
17 58 1.59164427112
17 59 1.59296868844
17 46 1.60135471575
17 24 1.60856007505
17 20 1.6143338293
17 92 1.62158774247
17 23 1.63406151231
17 77 1.64523576563
17 66 1.73962979715
17 76 1.87625082469
17 40 1.88253418534
17 60 1.89415363869
17 80 1.90101439785
17 3 1.9026988667
17 97 1.90327013316
17 2 1.90585637898
17 89 1.90647149472
17 88 1.90648790909
17 94 1.90662781144
17 29 1.90663656395
17 85 1.90664312032
17 32 1.90665095785
17 65 1.9066512763
17 7 1.90665358467
17 83 1.90665416065
17 90 1.90665446036
17 68 1.90665561326
17 57 1.90665587461
17 78 1.90665622691
17 86 1.90665653409
17 95 1.90665681074
17 63 1.90665747765
17 37 1.90665770592
17 15 1.90665797666
17 96 1.90665805137
17 8 1.90665845299
17 43 1.90665881652
17 91 1.9066588747
17 74 1.906659124
17 33 1.9066592809
17 47 1.9066592809
17 62 1.9066592809
17 6 1.9066592809
17 79 1.9066592809
17 44 1.9066592809
17 30 1.9066592809
17 82 1.9066592809
17 75 1.9066592809
17 45 1.9066592809
17 73 1.9066592809
17 31 1.90713596962
17 18 1.90862138244
17 42 1.91434430239
17 10 1.92420134686
17 5 1.92917785243
17 14 1.93245914091
17 16 1.93669686488
17 28 1.93933844365
17 54 1.93942531984
17 81 1.941231489
17 84 1.94170270867
17 72 1.94306958068
17 34 1.95098207934
17 4 1.95206210369
17 41 1.95273553317
17 9 1.95439414956
17 21 1.95769749601
17 50 1.96292704085
17 19 1.96688312402
17 12 1.97045928215
17 13 1.9704951578
17 69 1.97142131306
17 56 1.97284666523
17 38 1.97304592123
17 39 1.97431528343
17 51 1.98367922438
17 25 inf
17 48 inf
17 52 inf
17 53 inf
17 55 inf
17 64 inf
17 67 inf
17 87 inf
RANKED SIMILARITIES: 18
18 14 1.15948545805
18 54 1.16296166327
18 8 1.17806542986
18 44 1.19923981837
18 89 1.27558492671
18 51 1.28570499845
18 16 1.3945189979
18 75 1.4452110361
18 83 1.44577358056
18 95 1.45911236638
18 7 1.46408343095
18 32 1.51598199576
18 79 1.52203269225
18 73 1.54492041801
18 68 1.55231235974
18 31 1.5650874756
18 41 1.57513408576
18 3 1.60515445874
18 40 1.643036146
18 45 1.67651058027
18 88 1.68492069337
18 69 1.69916743732
18 34 1.70404758612
18 97 1.71220002614
18 63 1.71479806791
18 37 1.71758441987
18 33 1.72145700215
18 94 1.72649953276
18 76 1.76901616845
18 72 1.81385537477
18 20 1.85059332152
18 35 1.8625614771
18 17 1.90862138244
18 90 1.90862138244
18 27 1.90862138244
18 71 1.90862138244
18 24 1.90862138244
18 29 1.90862138244
18 65 1.90862138244
18 58 1.90862138244
18 57 1.9086218963
18 78 1.9086222486
18 86 1.90862255577
18 15 1.90862399834
18 77 1.90862405503
18 96 1.90862407305
18 80 1.90862427575
18 43 1.90862483821
18 91 1.90862489638
18 74 1.90862514568
18 85 1.90862530259
18 47 1.90862530259
18 46 1.90862530259
18 62 1.90862530259
18 70 1.90862530259
18 6 1.90862530259
18 59 1.90862530259
18 2 1.90862530259
18 30 1.90862530259
18 92 1.90862530259
18 61 1.90862530259
18 82 1.90862530259
18 26 1.90862530259
18 49 1.90862530259
18 12 1.90879015868
18 23 1.91294676133
18 22 1.91340425886
18 42 1.91434430239
18 10 1.92420134883
18 5 1.92917961545
18 93 1.9338660921
18 28 1.93933844365
18 81 1.9412358919
18 84 1.94267033551
18 11 1.94757918025
18 66 1.94786548831
18 36 1.95160446122
18 4 1.9521936406
18 9 1.95439414956
18 21 1.95769749601
18 50 1.96292704085
18 19 1.96688312402
18 13 1.9704951578
18 56 1.97284666523
18 38 1.97304592123
18 60 1.97368823259
18 39 1.97431528343
18 25 inf
18 48 inf
18 52 inf
18 53 inf
18 55 inf
18 64 inf
18 67 inf
18 87 inf
RANKED SIMILARITIES: 19
19 4 0.67243056802
19 82 0.767771422231
19 15 0.987723792324
19 47 1.01738414857
19 9 1.13425557821
19 5 1.42837167987
19 12 1.45816651488
19 85 1.47145911715
19 65 1.49432906239
19 56 1.50975727475
19 29 1.50992239308
19 78 1.54080793909
19 13 1.59083894115
19 91 1.69525273043
19 2 1.95624190641
19 6 1.9659966569
19 8 1.96682765375
19 17 1.96688312402
19 86 1.96688312402
19 7 1.96688312402
19 54 1.96688312402
19 68 1.96688312402
19 14 1.96688312402
19 66 1.96688312402
19 97 1.96688312402
19 16 1.96688312402
19 22 1.96688312402
19 43 1.96688312402
19 84 1.96688312402
19 27 1.96688312402
19 28 1.96688312402
19 35 1.96688312402
19 63 1.96688312402
19 95 1.96688312402
19 71 1.96688312402
19 93 1.96688312402
19 24 1.96688312402
19 31 1.96688312402
19 44 1.96688312402
19 46 1.96688312402
19 77 1.96688312402
19 90 1.96688312402
19 96 1.96688312402
19 3 1.96688312402
19 21 1.96688312402
19 57 1.96688312402
19 62 1.96688312402
19 70 1.96688312402
19 59 1.96688312402
19 81 1.96688312402
19 88 1.96688312402
19 89 1.96688312402
19 10 1.96688312402
19 18 1.96688312402
19 36 1.96688312402
19 37 1.96688312402
19 61 1.96688312402
19 79 1.96688312402
19 94 1.96688312402
19 11 1.96688312402
19 30 1.96688312402
19 50 1.96688312402
19 92 1.96688312402
19 20 1.96688312402
19 72 1.96688312402
19 76 1.96688312402
19 32 1.96688312402
19 45 1.96688312402
19 33 1.96688312402
19 41 1.96688312402
19 75 1.96688312402
19 26 1.96688312402
19 34 1.96688312402
19 42 1.96688312402
19 80 1.96688312402
19 73 1.96688312402
19 58 1.96688312402
19 83 1.96688312402
19 23 1.96688312402
19 49 1.96688312402
19 74 1.96688312402
19 69 1.97146506374
19 38 1.97304592123
19 60 1.97370983902
19 39 1.97431528343
19 40 1.98198989339
19 51 1.98367922438
19 25 inf
19 48 inf
19 52 inf
19 53 inf
19 55 inf
19 64 inf
19 67 inf
19 87 inf
RANKED SIMILARITIES: 20
20 61 1.21673919216
20 59 1.22085256801
20 46 1.30212422822
20 92 1.34657487654
20 71 1.3888507011
20 11 1.3893773986
20 26 1.43129839449
20 35 1.44706925305
20 66 1.52622380094
20 49 1.54573186196
20 23 1.55627553441
20 22 1.58925213806
20 17 1.6143338293
20 36 1.61558109246
20 70 1.63441435315
20 58 1.63484024555
20 27 1.65081829849
20 24 1.67820609182
20 93 1.70624903567
20 40 1.73747168854
20 77 1.74953952125
20 76 1.79637229495
20 8 1.81445777315
20 73 1.81485124606
20 97 1.81489847628
20 79 1.81755718272
20 89 1.81950186159
20 94 1.82010997712
20 44 1.8202227018
20 63 1.82128862086
20 7 1.82144667326
20 68 1.82159810584
20 37 1.82230132047
20 32 1.82284831343
20 83 1.82387765812
20 88 1.82438433794
20 33 1.82564896928
20 95 1.82683754713
20 75 1.82717317347
20 45 1.82967962831
20 3 1.83917663533
20 31 1.84598544206
20 18 1.85059332152
20 14 1.86668585022
20 16 1.87160105564
20 54 1.87263547123
20 80 1.87819677711
20 2 1.88303825432
20 78 1.88384063332
20 57 1.88384063332
20 15 1.88384063332
20 90 1.88384063332
20 65 1.88384063332
20 96 1.88384063332
20 43 1.88384069186
20 91 1.88384075004
20 47 1.88384115624
20 6 1.88384115624
20 62 1.88384115624
20 30 1.88384115624
20 82 1.88384115624
20 29 1.88669336391
20 74 1.88948346954
20 34 1.89124636408
20 85 1.89406409479
20 72 1.8963086092
20 41 1.89656917345
20 86 1.90010282135
20 69 1.91027221636
20 42 1.91434430239
20 51 1.92243496734
20 60 1.92288636649
20 10 1.92420474606
20 5 1.92918301267
20 12 1.93399634062
20 28 1.93933844365
20 81 1.94123928913
20 84 1.94267373274
20 4 1.95206210369
20 9 1.95439414956
20 21 1.95769749601
20 50 1.96292730872
20 19 1.96688312402
20 13 1.9704951578
20 56 1.97284666523
20 38 1.97304592123
20 39 1.97431528343
20 25 inf
20 48 inf
20 52 inf
20 53 inf
20 55 inf
20 64 inf
20 67 inf
20 87 inf
RANKED SIMILARITIES: 21
21 80 0.889346451063
21 50 1.01813494449
21 84 1.29431797501
21 57 1.33010820849
21 96 1.33703742518
21 81 1.35161901091
21 10 1.36213016737
21 30 1.37502501731
21 62 1.39194970537
21 28 1.39765967987
21 74 1.40756812036
21 86 1.40839504929
21 38 1.42213219908
21 39 1.45141889026
21 43 1.53836605234
21 72 1.55325638396
21 42 1.58706891109
21 35 1.76221641126
21 37 1.82533453121
21 90 1.82760740513
21 71 1.9558833419
21 46 1.95748661557
21 17 1.95769749601
21 78 1.95769749601
21 85 1.95769749601
21 7 1.95769749601
21 47 1.95769749601
21 16 1.95769749601
21 68 1.95769749601
21 14 1.95769749601
21 22 1.95769749601
21 66 1.95769749601
21 4 1.95769749601
21 15 1.95769749601
21 97 1.95769749601
21 54 1.95769749601
21 9 1.95769749601
21 29 1.95769749601
21 77 1.95769749601
21 27 1.95769749601
21 95 1.95769749601
21 5 1.95769749601
21 93 1.95769749601
21 24 1.95769749601
21 31 1.95769749601
21 63 1.95769749601
21 70 1.95769749601
21 89 1.95769749601
21 3 1.95769749601
21 6 1.95769749601
21 18 1.95769749601
21 36 1.95769749601
21 44 1.95769749601
21 65 1.95769749601
21 88 1.95769749601
21 2 1.95769749601
21 11 1.95769749601
21 59 1.95769749601
21 79 1.95769749601
21 94 1.95769749601
21 61 1.95769749601
21 82 1.95769749601
21 91 1.95769749601
21 92 1.95769749601
21 20 1.95769749601
21 41 1.95769749601
21 76 1.95769749601
21 45 1.95769749601
21 32 1.95769749601
21 34 1.95769749601
21 75 1.95769749601
21 26 1.95769749601
21 8 1.95769749601
21 33 1.95769749601
21 73 1.95769749601
21 58 1.95769749601
21 83 1.95769749601
21 23 1.95769749601
21 49 1.95769749601
21 19 1.96688312402
21 12 1.97045928215
21 13 1.9704951578
21 69 1.97146506374
21 56 1.97284666523
21 60 1.97370983902
21 40 1.98198989339
21 51 1.98367922438
21 25 inf
21 48 inf
21 52 inf
21 53 inf
21 55 inf
21 64 inf
21 67 inf
21 87 inf
RANKED SIMILARITIES: 22
22 49 1.25955171744
22 35 1.39590562623
22 70 1.43979529148
22 36 1.44513499051
22 26 1.44993974662
22 17 1.52189749238
22 23 1.52959891869
22 11 1.57351718839
22 71 1.58709895812
22 20 1.58925213806
22 77 1.59149557309
22 61 1.59883287425
22 59 1.60957864884
22 46 1.63492511203
22 92 1.66928799239
22 24 1.69666008291
22 27 1.72650355848
22 66 1.73995451876
22 58 1.7897774825
22 93 1.80585593932
22 40 1.87781604516
22 76 1.8830041257
22 60 1.8916205063
22 3 1.90304616637
22 80 1.90776040265
22 97 1.90971270515
22 2 1.91260135694
22 89 1.91321986326
22 94 1.9133738646
22 85 1.91338809828
22 73 1.91339060142
22 63 1.91340305666
22 86 1.91340425886
22 78 1.91340425886
22 7 1.91340425886
22 68 1.91340425886
22 43 1.91340425886
22 15 1.91340425886
22 47 1.91340425886
22 33 1.91340425886
22 29 1.91340425886
22 57 1.91340425886
22 31 1.91340425886
22 82 1.91340425886
22 88 1.91340425886
22 90 1.91340425886
22 91 1.91340425886
22 18 1.91340425886
22 6 1.91340425886
22 30 1.91340425886
22 62 1.91340425886
22 79 1.91340425886
22 96 1.91340425886
22 37 1.91340425886
22 44 1.91340425886
22 65 1.91340425886
22 32 1.91340425886
22 95 1.91340425886
22 75 1.91340425886
22 45 1.91340425886
22 83 1.91340425886
22 8 1.91340425886
22 74 1.91340425886
22 42 1.91434430239
22 10 1.92420526898
22 5 1.92918353559
22 14 1.93246746396
22 16 1.93669818898
22 28 1.93933844365
22 54 1.93942531984
22 81 1.94123981205
22 84 1.94267425566
22 72 1.94307020432
22 34 1.95098207934
22 4 1.95206210369
22 41 1.95273644418
22 9 1.95439414956
22 21 1.95769749601
22 50 1.96292783164
22 19 1.96688312402
22 12 1.97045928215
22 13 1.9704951578
22 69 1.97142255129
22 56 1.97284666523
22 38 1.97304592123
22 39 1.97431528343
22 51 1.98367922438
22 25 inf
22 48 inf
22 52 inf
22 53 inf
22 55 inf
22 64 inf
22 67 inf
22 87 inf
RANKED SIMILARITIES: 23
23 36 1.35546898682
23 22 1.52959891869
23 61 1.54486778537
23 77 1.54736949304
23 59 1.54821135233
23 20 1.55627553441
23 46 1.57123192428
23 92 1.60168655282
23 49 1.61130647855
23 66 1.61399360056
23 35 1.62597713733
23 17 1.63406151231
23 71 1.7120719221
23 11 1.71387235373
23 26 1.77836102882
23 27 1.7931312388
23 70 1.79799780225
23 58 1.80541325911
23 24 1.80878218439
23 93 1.84785056245
23 40 1.84840017308
23 76 1.88254662817
23 60 1.89648601486
23 3 1.90538013658
23 80 1.90730290512
23 97 1.909885591
23 2 1.91214385941
23 89 1.91276236573
23 94 1.91291756927
23 85 1.91293060075
23 78 1.91294676133
23 86 1.91294676133
