Opening cellspan1-1.txt
Opening cellspan1-2.txt
Opening cellspan2-1.txt
Opening cellspan2-2.txt
Opening cellspan3-1.txt
Opening cellspan3-2.txt
Opening cellspan4-1.txt
Opening cellspan5-1.txt
Opening cellspan6-1.txt
Opening cellspan7-1.txt
Opening cellspan7-2.txt
Opening cellspan8-1.txt
Opening cellspan9-1.txt
Opening cellspan10-1.txt
Opening cellspan10-2.txt
Opening cellspan11-1.txt
Opening cellspan12-1.txt
Opening cellspan13-1.txt
Opening cellspan14-1.txt
Opening cellspan14-2.txt
Opening cellspan15-1.txt
Opening cellspan16-1.txt
Opening cellspan16-2.txt
Opening cellspan17-1.txt
Opening cellspan17-2.txt
Opening cellspan18-1.txt
Opening cellspan18-2.txt
Opening cellspan19-1.txt
Opening cellspan20-1.txt
Opening cellspan20-2.txt
Opening cellspan21-1.txt
Opening cellspan22-1.txt
Opening cellspan22-2.txt
Opening cellspan23-1.txt
Opening cellspan24-1.txt
Opening cellspan24-2.txt
Opening cellspan26-1.txt
Opening cellspan27-1.txt
Opening cellspan28-1.txt
Opening cellspan29-1.txt
Opening cellspan29-2.txt
Opening cellspan30-1.txt
Opening cellspan31-1.txt
Opening cellspan32-2.txt
Opening cellspan33-1.txt
Opening cellspan34-1.txt
Opening cellspan35-1.txt
Opening cellspan35-2.txt
Opening cellspan36-1.txt
Opening cellspan37-1.txt
Opening cellspan37-2.txt
Opening cellspan38-1.txt
Opening cellspan39-1.txt
Opening cellspan39-2.txt
Opening cellspan40-1.txt
Opening cellspan41-1.txt
Opening cellspan41-2.txt
Opening cellspan42-1.txt
Opening cellspan43-1.txt
Opening cellspan44-1.txt
Opening cellspan45-1.txt
Opening cellspan46-1.txt
Opening cellspan47-1.txt
Opening cellspan49-1.txt
Opening cellspan50-1.txt
Opening cellspan50-2.txt
Opening cellspan51-1.txt
Opening cellspan54-1.txt
Opening cellspan56-1.txt
Opening cellspan57-1.txt
Opening cellspan57-2.txt
Opening cellspan58-1.txt
Opening cellspan59-1.txt
Opening cellspan60-1.txt
Opening cellspan60-2.txt
Opening cellspan61-1.txt
Opening cellspan62-1.txt
Opening cellspan63-1.txt
Opening cellspan65-1.txt
Opening cellspan65-2.txt
Opening cellspan66-1.txt
Opening cellspan68-1.txt
Opening cellspan69-1.txt
Opening cellspan70-1.txt
Opening cellspan71-1.txt
Opening cellspan72-1.txt
Opening cellspan72-2.txt
Opening cellspan73-1.txt
Opening cellspan73-2.txt
Opening cellspan74-1.txt
Opening cellspan74-2.txt
Opening cellspan75-1.txt
Opening cellspan76-1.txt
Opening cellspan76-2.txt
Opening cellspan77-1.txt
Opening cellspan77-2.txt
Opening cellspan78-1.txt
Opening cellspan78-2.txt
Opening cellspan79-1.txt
Opening cellspan80-1.txt
Opening cellspan81-1.txt
Opening cellspan81-2.txt
Opening cellspan82-1.txt
Opening cellspan82-2.txt
Opening cellspan83-1.txt
Opening cellspan84-1.txt
Opening cellspan85-1.txt
Opening cellspan86-1.txt
Opening cellspan86-2.txt
Opening cellspan88-1.txt
Opening cellspan89-1.txt
Opening cellspan90-1.txt
Opening cellspan91-1.txt
Opening cellspan91-2.txt
Opening cellspan92-1.txt
Opening cellspan93-1.txt
Opening cellspan94-1.txt
Opening cellspan94-2.txt
Opening cellspan95-1.txt
Opening cellspan95-2.txt
Opening cellspan96-1.txt
Opening cellspan97-1.txt
RANKED SIMILARITIES: 1
1 6 0.968117190006
1 95 1.21303372237
1 92 1.29577073998
1 71 1.48811823595
1 27 1.49326935522
1 2 1.58856281609
1 76 1.63769341524
1 44 1.66997177543
1 91 1.67272739515
1 63 1.68102967211
1 78 1.68850490905
1 58 1.69335830757
1 83 1.73246730639
1 32 1.73944218785
1 97 1.76575734557
1 82 1.77059920346
1 15 1.7750879436
1 80 1.77710651371
1 90 1.77775799333
1 7 1.78808015737
1 94 1.79304670193
1 30 1.79794929993
1 47 1.80867230863
1 26 1.8211030358
1 75 1.82575537123
1 59 1.83465469364
1 62 1.83490670321
1 57 1.83591236649
1 77 1.83614189124
1 88 1.83936298998
1 46 1.83991355496
1 89 1.84032452192
1 93 1.84107984879
1 73 1.84310419264
1 35 1.84689109631
1 29 1.84866542935
1 68 1.85124045775
1 33 1.85728042346
1 20 1.85757324937
1 8 1.85768789622
1 96 1.85836299705
1 66 1.85931023712
1 43 1.86255668435
1 37 1.8672156064
1 79 1.86943958175
1 22 1.87126217987
1 65 1.87172088119
1 17 1.87339489098
1 49 1.87478008915
1 74 1.87631836094
1 23 1.87823943662
1 45 1.88011188369
1 24 1.88053675668
1 85 1.881182755
1 61 1.88177520506
1 86 1.88269758245
1 70 1.88333986539
1 28 1.88377125479
1 42 1.88520047503
1 31 1.88601509243
1 36 1.88950554026
1 18 1.89031052822
1 14 1.89168283648
1 10 1.89756675701
1 16 1.89990054587
1 5 1.90044104301
1 84 1.90158494357
1 60 1.9021816925
1 41 1.90324748338
1 3 1.90367477647
1 54 1.90368489767
1 81 1.90568376532
1 72 1.90583638276
1 11 1.90718318482
1 4 1.90725769447
1 34 1.90946795956
1 50 1.91259194609
1 9 1.91339129737
1 21 1.91476278035
1 69 1.91677197989
1 13 1.91782480565
1 19 1.91826542725
1 12 1.91976196496
1 38 1.92059238435
1 39 1.92255750703
1 56 1.92265053812
1 51 1.92602379598
1 40 1.92705613865
1 25 inf
1 48 inf
1 52 inf
1 53 inf
1 55 inf
1 64 inf
1 67 inf
1 87 inf
RANKED SIMILARITIES: 2
2 85 0.552841175536
2 6 0.684296949265
2 95 0.929219811436
2 92 1.01978881091
2 78 1.16898896678
2 27 1.21447996525
2 71 1.265220472
2 91 1.34387389893
2 76 1.35315112146
2 44 1.38615153469
2 63 1.39762200568
2 58 1.41002294567
2 15 1.44584562567
2 83 1.44868935179
2 32 1.4556219471
2 82 1.45701407047
2 97 1.48133786925
2 80 1.49255472523
2 90 1.49393775259
2 47 1.49839599466
2 94 1.50923397384
2 7 1.50934083195
2 30 1.51412905919
2 26 1.53942566956
2 75 1.54193513049
2 59 1.55010290515
2 62 1.55108646247
2 57 1.55209212575
2 88 1.55482386111
2 89 1.55639123976
2 73 1.55932974901
2 65 1.56041510857
2 93 1.56194622904
2 77 1.56235154257
2 46 1.56450526391
2 68 1.56744987735
2 33 1.57346823884
2 8 1.57382559629
2 96 1.57454275631
2 20 1.57534454129
2 29 1.576468494
2 43 1.57873644361
2 35 1.57980754892
2 66 1.58054174617
2 37 1.58339536566
2 79 1.58562883572
2 74 1.5924981202
2 49 1.59335561981
2 17 1.59390319202
2 45 1.59629164295
2 61 1.59857719488
2 24 1.5988122601
2 86 1.59887734171
2 5 1.59890913613
2 70 1.59979419885
2 28 1.59995101405
2 4 1.60062766003
2 22 1.6009465521
2 42 1.60138023428
2 31 1.60220607271
2 23 1.60270020856
2 18 1.60649028748
2 14 1.60872645845
2 10 1.61374651627
2 19 1.6154142764
2 16 1.61608663494
2 84 1.61776470283
2 3 1.61912871117
2 9 1.6193908771
2 41 1.61942724263
2 54 1.61988997616
2 13 1.62031121513
2 81 1.62186352458
2 72 1.62201614202
2 11 1.62292774031
2 12 1.62341454374
2 36 1.62359213144
2 34 1.62564771882
2 60 1.62725206631
2 50 1.62877170535
2 21 1.6309425396
2 56 1.63262419327
2 69 1.63295173915
2 38 1.63677214361
2 39 1.63873726629
2 51 1.64220988504
2 40 1.64259900954
2 25 inf
2 48 inf
2 52 inf
2 53 inf
2 55 inf
2 64 inf
2 67 inf
2 87 inf
RANKED SIMILARITIES: 3
3 51 0.130106492663
3 89 0.134206716857
3 33 0.207123925301
3 68 0.210093058301
3 32 0.215041429675
3 31 0.228490584545
3 69 0.2362348449
3 14 0.273606462541
3 97 0.275443491489
3 44 0.291842970729
3 94 0.293809807555
3 73 0.35091784863
3 63 0.358782744085
3 16 0.539008668161
3 83 0.590348320523
3 40 0.64664028749
3 95 0.773003929035
3 8 0.927518684798
3 18 0.961186465732
3 54 0.996988676709
3 6 0.999414632825
3 45 1.10982299569
3 76 1.21859126619
3 79 1.2276891166
3 75 1.24294232422
3 37 1.24885313251
3 92 1.29553988745
3 88 1.32308915366
3 7 1.32996445939
3 27 1.49041151635
3 41 1.51776368052
3 71 1.54115942697
3 2 1.61912871117
3 34 1.64315309492
3 58 1.68621097916
3 91 1.70402483797
3 78 1.71980235187
3 72 1.73493704198
3 35 1.75507889535
3 20 1.78133556579
3 82 1.80189664628
3 80 1.8028314545
3 15 1.80638538642
3 90 1.80905543615
3 26 1.81535722066
3 59 1.82658273732
3 30 1.82924674275
3 93 1.83825322104
3 77 1.83860478032
3 12 1.8389460566
3 47 1.83996975145
3 46 1.84030299501
3 66 1.85669315395
3 62 1.86620414603
3 57 1.86720980931
3 49 1.86948789233
3 17 1.87018521488
3 61 1.87451354292
3 24 1.87461145311
3 70 1.87572574995
3 22 1.87674111374
3 23 1.87841847715
3 96 1.88966043987
3 43 1.89385412717
3 11 1.89923473231
3 36 1.89978556362
3 65 1.903018324
3 60 1.90515604505
3 29 1.90691837254
3 74 1.90761580376
3 85 1.91248019782
3 86 1.91399502527
3 28 1.91506869761
3 42 1.91649791784
3 10 1.92886419983
3 5 1.93173848583
3 84 1.93288238639
3 81 1.93698120814
3 4 1.93849495455
3 50 1.94388938891
3 9 1.94468874019
3 21 1.94606022316
3 13 1.94912224847
3 19 1.94956287006
3 38 1.95188982717
3 39 1.95385494985
3 56 1.95394798094
3 25 inf
3 48 inf
3 52 inf
3 53 inf
3 55 inf
3 64 inf
3 67 inf
3 87 inf
RANKED SIMILARITIES: 4
4 19 0.241575007093
4 82 0.30648360278
4 15 0.412380358684
4 47 0.576346981341
4 9 0.848692459038
4 6 0.993249418471
4 65 1.14672871372
4 78 1.17646179583
4 5 1.24545562223
4 85 1.24613582755
4 95 1.24791468981
4 29 1.3120347267
4 92 1.33915505429
4 12 1.37484354898
4 91 1.39901430783
4 13 1.40282790743
4 56 1.44745445324
4 27 1.53384620863
4 71 1.58458671538
4 2 1.60062766003
4 76 1.67251736484
4 44 1.70484641306
4 63 1.71631688406
4 58 1.72938918905
4 83 1.76738423016
4 32 1.77431682548
4 97 1.80070411263
4 80 1.81192096861
4 90 1.81263263096
4 94 1.82792885221
4 7 1.82803571033
4 30 1.83282393756
4 26 1.85879191294
4 75 1.86063000886
4 59 1.86946914853
4 62 1.86978134084
4 57 1.87078700412
4 88 1.87419010449
4 89 1.87513897682
4 73 1.87802462738
4 93 1.88131247242
4 77 1.88171778595
4 46 1.88387150729
4 68 1.88614475572
4 33 1.89216311721
4 8 1.89252047466
4 96 1.89323763468
4 20 1.89471078467
4 43 1.89743132198
4 35 1.8991737923
4 66 1.89990798955
4 37 1.90209024404
4 79 1.90432371409
4 74 1.91119299857
4 49 1.91272186319
4 17 1.9132694354
4 45 1.91498652132
4 86 1.91757222008
4 61 1.91794343826
4 24 1.91817850348
4 28 1.91864589242
4 70 1.91916044223
4 42 1.92007511266
4 22 1.92031279548
4 31 1.92090095108
4 23 1.92206645194
4 18 1.92518516585
4 14 1.92742133683
4 10 1.93244139465
4 16 1.93478151331
4 84 1.9364595812
4 41 1.93812212101
4 3 1.93849495455
4 54 1.93858485453
4 81 1.94055840296
4 72 1.94071102039
4 11 1.94229398369
4 36 1.94295837482
4 34 1.9443425972
4 60 1.94661830969
4 50 1.94746658372
4 21 1.94963741798
4 69 1.95164661752
4 38 1.95546702198
4 39 1.95743214466
4 51 1.96090476341
4 40 1.96196525292
4 25 inf
4 48 inf
4 52 inf
4 53 inf
4 55 inf
4 64 inf
4 67 inf
4 87 inf
RANKED SIMILARITIES: 5
5 13 0.298528600687
5 29 0.458871747416
5 78 0.824523250734
5 6 0.996103822006
5 82 1.12022932842
5 65 1.20057576791
5 9 1.21415103938
5 19 1.21838733552
5 95 1.24102668418
5 4 1.24545562223
5 85 1.24815463143
5 92 1.33239858557
5 12 1.3606005925
5 56 1.39598595614
5 91 1.40347343405
5 15 1.42874263272
5 27 1.52708973991
5 47 1.53063144727
5 71 1.57783024666
5 2 1.59890913613
5 76 1.66576089612
5 44 1.69795840743
5 63 1.70942887842
5 58 1.72263272033
5 83 1.76049622453
5 32 1.76742881985
5 97 1.79394764391
5 80 1.80516449989
5 90 1.80574462533
5 94 1.82107003865
5 7 1.82114770469
5 30 1.82593593193
5 26 1.85203544422
5 75 1.85374200323
5 59 1.86271267981
5 62 1.86289333521
5 57 1.86389899849
5 88 1.86743363577
5 89 1.86838250809
5 73 1.87113662175
5 93 1.8745560037
5 77 1.87496131723
5 46 1.87711503857
5 68 1.87925675009
5 33 1.88527511158
5 8 1.88563246903
5 96 1.88634962905
5 20 1.88795431595
5 43 1.89054331635
5 35 1.89241732358
5 66 1.89315152083
5 37 1.8952022384
5 79 1.89743570846
5 74 1.90430499294
5 49 1.90596539447
5 17 1.90651296668
5 45 1.90809851569
5 86 1.91068421445
5 61 1.91118696953
5 24 1.91142203475
5 28 1.91175788679
5 70 1.91240397351
5 42 1.91318710703
5 22 1.91355632676
5 31 1.91401294545
5 23 1.91530998322
5 18 1.91829716022
5 14 1.9205333312
5 10 1.92555338901
5 16 1.92789350768
5 84 1.92957157557
5 41 1.93123411537
5 54 1.9316968489
5 3 1.93173848583
5 81 1.93367039732
5 72 1.93382301476
5 11 1.93553751497
5 36 1.9362019061
5 34 1.93745459156
5 60 1.93986184097
5 50 1.94057857809
5 21 1.94274941235
5 69 1.94480112434
5 38 1.94857901635
5 39 1.95054413903
5 51 1.95401675778
5 40 1.9552087842
5 25 inf
5 48 inf
5 52 inf
5 53 inf
5 55 inf
5 64 inf
5 67 inf
5 87 inf
RANKED SIMILARITIES: 6
6 95 0.308702831172
6 92 0.400074732566
6 27 0.594765886902
6 71 0.645506393656
6 2 0.684296949265
6 76 0.733437043117
6 44 0.765634554424
6 91 0.768387127627
6 78 0.771433773441
6 63 0.777105025418
6 58 0.790308867325
6 83 0.828172371527
6 32 0.835104966841
6 97 0.861623790906
6 82 0.866199309511
6 15 0.870586388102
6 80 0.872840646881
6 90 0.873420772323
6 94 0.88874618564
6 7 0.888823851688
6 30 0.893612078922
6 47 0.904318291281
6 26 0.919711591217
6 75 0.921418150227
6 59 0.930388826806
6 62 0.930569482207
6 57 0.931575145484
6 88 0.935109782766
6 89 0.936058655089
6 73 0.938812768744
6 93 0.942232150695
6 77 0.942637464221
6 46 0.944791185566
6 68 0.946932897087
6 33 0.952951258574
6 8 0.953364086299
6 96 0.954025776046
6 20 0.955630462943
6 43 0.958219463343
6 35 0.960093470577
6 66 0.960827667824
6 37 0.962878385399
6 79 0.965111855456
6 65 0.967301098452
6 29 0.970844588376
6 74 0.971981139935
6 49 0.973641541461
6 17 0.974189113673
6 85 0.975333286945
6 45 0.975774662685
6 86 0.978360361446
6 61 0.978863116528
6 24 0.979098181748
6 28 0.979434033783
6 70 0.980080120507
6 42 0.980863254021
6 22 0.981232473754
6 31 0.981689092443
6 23 0.982986130215
6 18 0.985973307216
6 14 0.98820947819
6 10 0.993229536008
6 4 0.993249418471
6 16 0.995569654672
6 5 0.996103822006
6 84 0.997247722565
6 41 0.998910262369
6 54 0.999372995892
6 3 0.999414632825
6 81 1.00134654432
6 72 1.00149916175
6 11 1.00321366196
6 36 1.0038780531
6 34 1.00513073856
6 60 1.00753798796
6 50 1.00825472509
6 9 1.0089360708
6 21 1.01042555934
6 19 1.01216295006
6 69 1.01247727134
6 13 1.01324036427
6 12 1.01532788317
6 38 1.01625516334
6 39 1.01822028602
6 56 1.01831331711
6 51 1.02169290478
6 40 1.02288493119
6 25 inf
6 48 inf
6 52 inf
6 53 inf
6 55 inf
6 64 inf
6 67 inf
6 87 inf
RANKED SIMILARITIES: 7
7 95 0.65125303731
7 6 0.888823851688
7 54 0.966094913149
7 18 0.999031221624
7 44 1.10122365793
7 63 1.11343568293
7 76 1.14475629677
7 32 1.16203985157
7 83 1.16370860647
7 37 1.16704804729
7 97 1.18493853758
7 94 1.20790346384
7 92 1.22511861525
7 8 1.22759728449
7 16 1.23256133017
7 14 1.23721459085
7 89 1.252207037
7 75 1.25488540506
7 73 1.25977143806
7 88 1.26596566428
7 33 1.27404195755
7 68 1.27524759305
7 79 1.3000213598
7 3 1.32996445939
7 45 1.33037455061
7 31 1.33070299022
7 51 1.36848615253
7 40 1.36934239282
7 69 1.37439267101
7 41 1.39017045211
7 27 1.41980976959
7 71 1.47055027634
7 34 1.48630009087
7 2 1.50934083195
7 91 1.59343405683
7 78 1.60919263599
7 58 1.61535275001
7 72 1.6309235939
7 35 1.68319512174
7 82 1.69130586514
7 15 1.69579460528
7 80 1.69788452957
7 90 1.69846465501
7 20 1.71031229109
7 30 1.71865596161
7 12 1.72891477039
7 47 1.72937897031
7 26 1.7447554739
7 59 1.75543270949
7 62 1.75561336489
7 57 1.75661902817
7 93 1.76727603338
7 77 1.76768134691
7 46 1.76983506825
7 96 1.77906965873
7 43 1.78326334603
7 66 1.78447907225
7 65 1.79242754287
7 29 1.79630850134
7 74 1.79702502262
7 49 1.79861961576
7 17 1.79923299636
7 85 1.80190557727
7 86 1.80340424413
7 61 1.80390699922
7 24 1.80414206444
7 28 1.80447791647
7 70 1.80512400319
7 42 1.80590713671
7 22 1.80626633815
7 23 1.8075938711
7 10 1.8182734187
7 5 1.82114770469
7 84 1.82229160525
7 81 1.82639042701
7 4 1.82803571033
7 11 1.82825754465
7 36 1.82892193578
7 60 1.83258187065
7 50 1.83329860777
7 9 1.83409795905
7 21 1.83546944203
7 13 1.83853146733
7 19 1.83897208893
7 38 1.84129904603
7 39 1.84326416871
7 56 1.8433571998
7 25 inf
7 48 inf
7 52 inf
7 53 inf
7 55 inf
7 64 inf
7 67 inf
7 87 inf
RANKED SIMILARITIES: 8
8 79 0.417063503211
8 76 0.440305150859
8 44 0.693962900222
8 63 0.704631692762
8 95 0.718976881405
8 16 0.743089687045
8 32 0.746803600637
8 83 0.761460577809
8 97 0.775910994959
8 34 0.789273288814
8 94 0.795576311894
8 89 0.841256784309
8 73 0.850047634361
8 33 0.86119684732
8 54 0.863022826554
8 14 0.863912044253
8 68 0.869368763764
8 31 0.917846659214
8 3 0.927518684798
8 18 0.945001672175
8 6 0.953364086299
8 40 0.96040041073
8 51 0.961882497569
8 69 0.970121641467
8 45 1.06380724055
8 37 1.08130262316
8 7 1.22759728449
8 75 1.2562510232
8 92 1.28965884986
8 88 1.29747833796
8 41 1.45225456612
8 27 1.4843500042
8 71 1.53509051095
8 2 1.57382559629
8 91 1.65791882117
8 78 1.67369633507
8 58 1.67989298462
8 72 1.69633406093
8 35 1.74938057623
8 82 1.75579062948
8 15 1.76027936962
8 80 1.76242476418
8 90 1.76300488962
8 20 1.77380720637
8 30 1.78319619622
8 12 1.79286154151
8 47 1.79386373465
8 26 1.80929570852
8 59 1.8199729441
8 62 1.82015359951
8 57 1.82115926278
8 93 1.83181626799
8 77 1.83222158152
8 46 1.83437530286
8 96 1.84360989335
8 43 1.84780358064
8 66 1.84817107142
8 65 1.85691230721
8 29 1.86081235574
8 74 1.86156525723
8 49 1.86312742675
8 17 1.86377323097
8 85 1.8663903416
8 86 1.86794447875
8 61 1.86844723383
8 24 1.86868229905
8 28 1.86901815108
8 70 1.86966423781
8 42 1.87044737132
8 22 1.87080657276
8 23 1.87213410571
8 10 1.88281365331
8 5 1.88563246903
8 84 1.88683183986
8 81 1.89093066162
8 4 1.89252047466
8 11 1.89279777926
8 36 1.8934621704
8 60 1.89712210526
8 50 1.89783884239
8 9 1.89858272339
8 21 1.90000967664
8 13 1.90301623167
8 19 1.90345685327
8 38 1.90583928064
8 39 1.90780440332
8 56 1.90784196414
8 25 inf
8 48 inf
8 52 inf
8 53 inf
8 55 inf
8 64 inf
8 67 inf
8 87 inf
RANKED SIMILARITIES: 9
9 12 0.565395878891
9 56 0.612458259259
9 82 0.729681142358
9 19 0.818887527825
9 4 0.848692459038
9 6 1.0089360708
9 65 1.03406424884
9 15 1.04250182904
9 29 1.06047147258
9 47 1.16043826927
9 78 1.18301068736
9 5 1.21415103938
9 85 1.24146105161
9 95 1.25397693853
9 92 1.34534883993
9 13 1.34992580091
9 91 1.42312306127
9 27 1.54003999426
9 71 1.59078050102
9 2 1.6193908771
9 76 1.67871115048
9 44 1.71090866178
9 63 1.72237913278
9 58 1.73558297469
9 83 1.77344647889
9 32 1.7803790742
9 97 1.80689789827
9 80 1.81811475424
9 90 1.81869487968
9 94 1.834020293
9 7 1.83409795905
9 30 1.83888618628
9 26 1.86498569858
9 75 1.86669225759
9 59 1.87566293417
9 62 1.87584358957
9 57 1.87684925284
9 88 1.88038389013
9 89 1.88133276245
9 73 1.88408687611
9 93 1.88750625806
9 77 1.88791157158
9 46 1.89006529293
9 68 1.89220700445
9 33 1.89822536593
9 8 1.89858272339
9 96 1.89929988341
9 20 1.9009045703
9 43 1.9034935707
9 35 1.90536757794
9 66 1.90610177518
9 37 1.90815249276
9 79 1.91038596282
9 74 1.9172552473
9 49 1.91891564882
9 17 1.91946322103
9 45 1.92104877005
9 86 1.92363446881
9 61 1.92413722389
9 24 1.92437228911
9 28 1.92470814114
9 70 1.92535422787
9 42 1.92613736138
9 22 1.92650658111
9 31 1.9269631998
9 23 1.92826023758
9 18 1.93124741458
9 14 1.93348358555
9 10 1.93850364337
9 16 1.94084376203
9 84 1.94252182993
9 41 1.94418436973
9 54 1.94464710325
9 3 1.94468874019
9 81 1.94662065168
9 72 1.94677326911
9 11 1.94848776932
9 36 1.94915216046
9 34 1.95040484592
9 60 1.95281209533
9 50 1.95352883245
9 21 1.9556996667
9 69 1.9577513787
9 38 1.9615292707
9 39 1.96349439338
9 51 1.96696701214
9 40 1.96815903855
9 25 inf
9 48 inf
9 52 inf
9 53 inf
9 55 inf
9 64 inf
9 67 inf
9 87 inf
RANKED SIMILARITIES: 10
10 30 0.83638431049
10 74 0.991552028193
10 6 0.993229536008
10 81 1.0135669275
10 38 1.01567664725
10 21 1.20893988007
10 96 1.21618936063
10 95 1.23815239818
10 57 1.26000277093
10 50 1.26068731991
10 86 1.28180588109
10 92 1.32952429957
10 84 1.34027520401
10 62 1.34604905406
10 39 1.35154853853
10 28 1.36317479435
10 42 1.39918140674
10 43 1.48044268847
10 80 1.49096911941
10 72 1.50167147556
10 27 1.52421545391
10 35 1.53205462951
10 71 1.57314180656
10 90 1.60684335337
10 2 1.61374651627
10 76 1.66288661012
10 44 1.69508412143
10 91 1.69783974115
10 63 1.70655459243
10 78 1.71361725505
10 58 1.71975843433
10 37 1.7498747807
10 83 1.75762193853
10 32 1.76455453385
10 97 1.79107335791
10 82 1.79571154946
10 15 1.8002002896
10 94 1.81819575265
10 7 1.8182734187
10 47 1.83378465463
10 26 1.84916115823
10 75 1.85086771723
10 59 1.85983839381
10 88 1.86455934977
10 89 1.8655082221
10 73 1.86826233575
10 93 1.8716817177
10 77 1.87208703123
10 46 1.87402987214
10 68 1.87638246409
10 33 1.88240082558
10 8 1.88281365331
10 20 1.88508002995
10 66 1.89027723483
10 79 1.89456142246
10 65 1.89683322719
10 29 1.90073327572
10 49 1.90309110847
10 17 1.90363868068
10 45 1.90522422969
10 85 1.90631126159
10 61 1.90831268354
10 24 1.90854774876
10 70 1.90952968751
10 22 1.91068204076
10 31 1.91113865945
10 23 1.91243569722
10 18 1.91542287422
10 14 1.9176590452
10 16 1.92501922168
10 5 1.92555338901
10 41 1.92835982938
10 54 1.9288225629
10 3 1.92886419983
10 4 1.93244139465
10 11 1.93266322897
10 36 1.9333276201
10 34 1.93458030557
10 60 1.93698755497
10 9 1.93850364337
10 69 1.94192683834
10 13 1.94293715165
10 19 1.94337777325
10 12 1.94487431096
10 56 1.94776288412
10 51 1.95114247178
10 40 1.9523344982
10 25 inf
10 48 inf
10 52 inf
10 53 inf
10 55 inf
10 64 inf
10 67 inf
10 87 inf
RANKED SIMILARITIES: 11
11 59 0.0728248351566
11 26 0.132726305743
11 93 0.150814467676
11 24 0.16233631474
11 66 0.215224679053
11 61 0.22689074212
11 70 0.247636126786
11 58 0.273976344476
11 27 0.476780745391
11 46 0.519877281125
11 71 0.574368753846
11 36 0.713228659364
11 49 0.791359081064
11 92 0.801868405782
11 6 1.00321366196
11 17 1.10665327849
11 20 1.16930052675
11 95 1.24813652413
11 35 1.27070863492
11 22 1.28968991236
11 40 1.29303371982
11 23 1.35157271654
11 2 1.62292774031
11 76 1.64247060292
11 44 1.70506824739
11 91 1.70782386711
11 63 1.71653871838
11 78 1.723601381
11 77 1.74495786739
11 83 1.76760606449
11 32 1.7745386598
11 97 1.79756547437
11 82 1.80569567542
11 80 1.80663048363
11 15 1.81018441556
11 90 1.81285446529
11 94 1.82815068654
11 7 1.82825754465
11 30 1.83304577188
11 47 1.84376878059
11 88 1.85580250759
11 75 1.86085184319
11 62 1.87000317517
11 57 1.87100883845
11 89 1.87530795246
11 73 1.87824646171
11 68 1.88636659005
11 33 1.89238495154
11 8 1.89279777926
11 96 1.89345946901
11 43 1.89765315631
11 3 1.89923473231
11 37 1.90231207836
11 79 1.90454554842
11 65 1.90681735314
11 60 1.90754718627
11 29 1.91071740168
11 74 1.9114148329
11 45 1.91520835565
11 85 1.91627922696
11 86 1.91779405441
11 28 1.91886772674
11 42 1.92029694698
11 31 1.9211227854
11 18 1.92540700018
11 14 1.92764317115
11 10 1.93266322897
11 16 1.93500334763
11 5 1.93553751497
11 84 1.93668141553
11 41 1.93834395533
11 54 1.93880668885
11 81 1.94078023728
11 72 1.94093285471
11 4 1.94229398369
11 34 1.94456443152
11 50 1.94768841805
11 9 1.94848776932
11 21 1.9498592523
11 69 1.95186845185
11 13 1.95292127761
11 19 1.9533618992
11 12 1.95485843692
11 38 1.9556888563
11 39 1.95765397899
11 56 1.95774701008
11 51 1.96112659774
11 25 inf
11 48 inf
11 52 inf
11 53 inf
11 55 inf
11 64 inf
11 67 inf
11 87 inf
RANKED SIMILARITIES: 12
12 56 0.263985210229
12 9 0.565395878891
12 6 1.01532788317
12 29 1.09406302197
12 95 1.14871158798
12 65 1.23457754786
12 82 1.2769287767
12 78 1.28755536472
12 85 1.31714106625
12 13 1.33854134844
12 92 1.35171950752
12 19 1.36039540999
12 5 1.3606005925
12 4 1.37484354898
12 91 1.42562963969
12 27 1.54641066186
12 76 1.57360058933
12 15 1.58249913481
12 71 1.59715116861
12 44 1.6054653934
12 63 1.61648904924
12 2 1.62341454374
12 83 1.66985066359
12 32 1.67699356205
12 97 1.70142586617
12 47 1.71346365175
12 7 1.72891477039
12 94 1.72975384888
12 58 1.74195364228
12 75 1.76204918802
12 88 1.77426939153
12 89 1.77479179676
12 73 1.77823157477
12 68 1.78566603875
12 8 1.79286154151
12 33 1.79434443194
12 37 1.80452661779
12 79 1.80559831989
12 45 1.8173852311
12 35 1.82216453135
12 31 1.82329922349
12 80 1.82448542184
12 90 1.82506554728
12 14 1.82694261986
12 18 1.82931130573
12 16 1.83628482263
12 3 1.8389460566
12 54 1.84036886691
12 20 1.84150181346
12 41 1.84191353416
12 72 1.84358041726
12 34 1.84455613665
12 30 1.84525685388
12 69 1.8561807505
12 51 1.86161166696
12 40 1.86711181222
12 26 1.87135636617
12 59 1.88203360176
12 62 1.88221425716
12 57 1.88321992044
12 93 1.89387692565
12 77 1.89428223918
12 46 1.89643596052
12 96 1.905670551
12 43 1.9098642383
12 66 1.91246887466
12 74 1.92362591489
12 49 1.92528631642
12 17 1.92583388863
12 86 1.9300051364
12 61 1.93050789148
12 24 1.9307429567
12 28 1.93107880874
12 70 1.93172489546
12 42 1.93250802898
12 22 1.93286723042
12 23 1.93463090517
12 10 1.94487431096
12 84 1.94889249752
12 81 1.95299131927
12 11 1.95485843692
12 36 1.95552282805
12 60 1.95918276292
12 50 1.95989950004
12 21 1.9620703343
12 38 1.9678999383
12 39 1.96986506098
12 25 inf
12 48 inf
12 52 inf
12 53 inf
12 55 inf
12 64 inf
12 67 inf
12 87 inf
RANKED SIMILARITIES: 13
13 5 0.298528600687
13 29 0.478535714423
13 78 0.953505124159
13 6 1.01324036427
13 95 1.25841044681
13 82 1.28641341231
13 85 1.32934993061
13 65 1.33545689058
13 12 1.33854134844
13 92 1.34978234821
13 9 1.34992580091
13 19 1.36842493809
13 56 1.37726387949
13 4 1.40282790743
13 91 1.42299396078
13 27 1.54447350254
13 15 1.58984383223
13 71 1.5952140093
13 2 1.62031121513
13 76 1.68314465876
13 47 1.7031317514
13 44 1.71534217007
13 63 1.72681264106
13 58 1.74001648297
13 83 1.77787998717
13 32 1.78481258248
13 97 1.81133140655
13 80 1.82254826252
13 90 1.82312838797
13 94 1.83845380128
13 7 1.83853146733
13 30 1.84331969456
13 26 1.86941920686
13 75 1.87112576587
13 59 1.88009644245
13 62 1.88027709785
13 57 1.88128276113
13 88 1.88481739841
13 89 1.88576627073
13 73 1.88852038439
13 93 1.89193976634
13 77 1.89234507986
13 46 1.89449880121
13 68 1.89664051273
13 33 1.90265887422
13 8 1.90301623167
13 96 1.90373339169
13 20 1.90533807859
13 43 1.90792707899
13 35 1.90980108622
13 66 1.91053528347
13 37 1.91258600104
13 79 1.9148194711
13 74 1.92168875558
13 49 1.9233491571
13 17 1.92389672932
13 45 1.92548227833
13 86 1.92806797709
13 61 1.92857073217
13 24 1.92880579739
13 28 1.92914164943
13 70 1.92978773615
13 42 1.93057086966
13 22 1.9309400894
13 31 1.93139670809
13 23 1.93269374586
13 18 1.93568092286
13 14 1.93791709383
13 10 1.94293715165
13 16 1.94527727031
13 84 1.94695533821
13 41 1.94861787801
13 54 1.94908061153
13 3 1.94912224847
13 81 1.95105415996
13 72 1.9512067774
13 11 1.95292127761
13 36 1.95358566874
13 34 1.9548383542
13 60 1.95724560361
13 50 1.95796234073
13 21 1.96013317498
13 69 1.96218488698
13 38 1.96596277898
13 39 1.96792790167
13 51 1.97140052042
13 40 1.97259254684
13 25 inf
13 48 inf
13 52 inf
13 53 inf
13 55 inf
13 64 inf
13 67 inf
13 87 inf
RANKED SIMILARITIES: 14
14 32 0.178570165037
14 89 0.215006908999
14 33 0.246124891018
14 68 0.2504273034
14 44 0.263390537091
14 3 0.273606462541
14 31 0.303982509576
14 51 0.304717728821
14 94 0.30832914731
14 73 0.328895236281
14 97 0.331335361403
14 63 0.340409873227
14 69 0.348697328924
14 16 0.501033718105
14 83 0.660973027374
14 40 0.710833858517
14 95 0.726976448456
14 8 0.863912044253
14 54 0.94447728323
14 18 0.962066198716
14 6 0.98820947819
14 45 1.08972793425
14 37 1.19464832285
14 79 1.20777080447
14 76 1.22379242627
14 7 1.23721459085
14 88 1.304569187
14 92 1.32450424176
14 75 1.33074775205
14 41 1.48661828976
14 27 1.51919539609
14 71 1.56993590285
14 34 1.58571052517
14 2 1.60872645845
14 91 1.69281968334
14 78 1.70859719723
14 58 1.71473837651
14 72 1.72831905361
14 35 1.77039973023
14 82 1.79069149165
14 15 1.79518023178
14 80 1.79727015607
14 90 1.79785028151
14 20 1.8098638012
14 30 1.81804158811
14 12 1.82694261986
14 47 1.82876459681
14 26 1.84414110041
14 59 1.854818336
14 62 1.8549989914
14 57 1.85600465467
14 93 1.86666165989
14 77 1.86706697341
14 46 1.86922069476
14 96 1.87845528524
14 43 1.88264897253
14 66 1.88479767241
14 65 1.89181316937
14 29 1.8957132179
14 74 1.89641064912
14 49 1.89807105065
14 17 1.89861862286
14 85 1.90129120377
14 86 1.90278987064
14 61 1.90329262572
14 24 1.90352769094
14 28 1.90386354297
14 70 1.9045096297
14 42 1.90529276321
14 22 1.90565196465
14 23 1.9069794976
14 10 1.9176590452
14 5 1.9205333312
14 84 1.92167723175
14 81 1.92577605351
14 4 1.92742133683
14 11 1.92764317115
14 36 1.92830756229
14 60 1.93196749715
14 50 1.93268423428
14 9 1.93348358555
14 21 1.93485506853
14 13 1.93791709383
14 19 1.93835771543
14 38 1.94068467253
14 39 1.94264979521
14 56 1.9427428263
14 25 inf
14 48 inf
14 52 inf
14 53 inf
14 55 inf
14 64 inf
14 67 inf
14 87 inf
RANKED SIMILARITIES: 15
15 47 0.347586523723
15 19 0.392571026812
15 4 0.412380358684
15 82 0.477163829649
15 6 0.870586388102
15 9 1.04250182904
15 95 1.11567358477
15 92 1.20704222555
15 78 1.24113258811
15 91 1.30207933163
15 65 1.32607494306
15 27 1.40173664049
15 5 1.42874263272
15 85 1.43044496467
15 2 1.44584562567
15 71 1.45247714725
15 29 1.50088941936
15 76 1.54040779671
15 44 1.57260530802
15 12 1.58249913481
15 63 1.58407251841
15 13 1.58984383223
15 58 1.59727962092
15 83 1.63514312512
15 56 1.63575421316
15 32 1.64207572043
15 97 1.6685945445
15 80 1.67981140047
15 90 1.68039152592
15 94 1.69571693923
15 7 1.69579460528
15 30 1.70058283252
15 26 1.72668234481
15 75 1.72838890382
15 59 1.7373595804
15 62 1.7375402358
15 57 1.73854589908
15 88 1.74208053636
15 89 1.74302940868
15 73 1.74578352234
15 93 1.74920290429
15 77 1.74960821781
15 46 1.75176193916
15 68 1.75390365068
15 33 1.75992201217
15 8 1.76027936962
15 96 1.76099652964
15 20 1.76260121654
15 43 1.76519021694
15 35 1.76706422417
15 66 1.76779842142
15 37 1.76984913899
15 79 1.77208260905
15 74 1.77895189353
15 49 1.78061229505
15 17 1.78115986727
15 45 1.78274541628
15 86 1.78533111504
15 61 1.78583387012
15 24 1.78606893534
15 28 1.78640478738
15 70 1.7870508741
15 42 1.78783400761
15 22 1.78820322735
15 31 1.78865984604
15 23 1.78995688381
15 18 1.79294406081
15 14 1.79518023178
15 10 1.8002002896
15 16 1.80254040826
15 84 1.80421847616
15 41 1.80588101596
15 54 1.80634374948
15 3 1.80638538642
15 81 1.80831729791
15 72 1.80846991535
15 11 1.81018441556
15 36 1.81084880669
15 34 1.81210149215
15 60 1.81450874156
15 50 1.81522547868
15 21 1.81739631293
15 69 1.81944802493
15 38 1.82322591693
15 39 1.82519103962
15 51 1.82866365837
15 40 1.82985568479
15 25 inf
15 48 inf
15 52 inf
15 53 inf
15 55 inf
15 64 inf
15 67 inf
15 87 inf
RANKED SIMILARITIES: 16
16 44 0.346614745568
16 63 0.371105636054
16 32 0.394322707838
16 97 0.410326337212
16 94 0.419482450194
16 14 0.501033718105
16 73 0.502665594618
16 89 0.504011690084
16 33 0.525283250081
16 3 0.539008668161
16 68 0.544505802609
16 51 0.575445683962
16 31 0.580444094135
16 69 0.625834199759
16 83 0.652294120689
16 40 0.701516132832
16 8 0.743089687045
16 95 0.747907679222
16 54 0.858956611518
16 18 0.891451110101
16 6 0.995569654672
16 37 1.04560012194
16 79 1.09298717874
16 76 1.09921844519
16 45 1.10349385195
16 7 1.23256133017
16 75 1.25813575504
16 92 1.33186441824
16 88 1.33262421428
16 34 1.46655713132
16 41 1.50285543054
16 27 1.52655557257
16 71 1.57729607933
16 2 1.61608663494
16 91 1.70017985982
16 78 1.71595737371
16 58 1.722098553
16 72 1.73118889366
16 35 1.78579052636
16 82 1.79805166813
16 15 1.80254040826
16 80 1.80463033255
16 90 1.80521045799
16 20 1.8172606532
16 30 1.82540176459
16 47 1.8361247733
16 12 1.83628482263
16 26 1.85150127689
16 59 1.86217851248
16 62 1.86235916788
16 57 1.86336483115
16 93 1.87402183637
16 77 1.87442714989
16 46 1.87658087124
16 96 1.88581546172
16 43 1.89000914901
16 66 1.89113716915
16 65 1.89917334585
16 29 1.90307339439
16 74 1.90377082561
16 49 1.90543122713
16 17 1.90597879934
16 85 1.90865138025
16 86 1.91015004712
16 61 1.9106528022
16 24 1.91088786742
16 28 1.91122371945
16 70 1.91186980618
16 42 1.91265293969
16 22 1.91301214113
16 23 1.91466402436
16 10 1.92501922168
16 5 1.92789350768
16 84 1.92903740824
16 81 1.93313622999
16 4 1.93478151331
16 11 1.93500334763
16 36 1.93566773877
16 60 1.93932767364
16 50 1.94004441076
16 9 1.94084376203
16 21 1.94221524501
16 13 1.94527727031
16 19 1.94571789191
16 38 1.94804484901
16 39 1.95000997169
16 56 1.95010300278
16 25 inf
16 48 inf
16 52 inf
16 53 inf
16 55 inf
16 64 inf
16 67 inf
16 87 inf
RANKED SIMILARITIES: 17
17 49 0.534898019918
17 27 0.656617058788
17 71 0.737661187286
17 92 0.764034075827
17 36 0.846644226996
17 58 0.891665144215
17 6 0.974189113673
17 35 0.980871960125
17 22 0.998229875635
17 26 1.02295285633
17 46 1.03704518266
17 59 1.03863802839
17 93 1.0444887745
17 66 1.05391602958
17 23 1.0580974485
17 24 1.07439543754
17 70 1.07814896998
17 61 1.08308237309
17 11 1.10665327849
17 20 1.13316416077
17 95 1.21911197584
17 40 1.26210627065
17 77 1.45833070486
17 2 1.59390319202
17 76 1.61344605463
17 44 1.6760436991
17 91 1.67879931882
17 63 1.68751417009
17 78 1.69456400596
17 83 1.7385815162
17 32 1.74551411151
17 97 1.76802007979
17 82 1.77665560577
17 80 1.77760593534
17 15 1.78115986727
17 90 1.783829917
17 94 1.79912613825
17 7 1.79923299636
17 30 1.80402122359
17 47 1.8147442323
17 60 1.82113206608
17 88 1.82659173067
17 75 1.8318272949
17 62 1.84097862688
17 57 1.84198429016
17 89 1.84628340417
17 73 1.84922191342
17 68 1.85734204176
17 33 1.86336040325
17 8 1.86377323097
17 96 1.86443492072
17 43 1.86862860802
17 3 1.87018521488
17 37 1.87328753007
17 79 1.87552100013
17 65 1.8777772835
17 29 1.88167733203
17 74 1.88239028461
17 45 1.88618380736
17 85 1.88723915731
17 86 1.88876950612
17 28 1.88984317846
17 42 1.89127239869
17 31 1.89209823712
17 18 1.89638245189
17 14 1.89861862286
17 10 1.90363868068
17 16 1.90597879934
17 5 1.90651296668
17 84 1.90669364329
17 41 1.90931940704
17 54 1.90978214056
17 81 1.91175568899
17 72 1.91190830643
17 4 1.9132694354
17 34 1.91553988323
17 50 1.91866386976
17 9 1.91946322103
17 21 1.92083470401
17 69 1.92284390356
17 13 1.92389672932
17 19 1.92433176687
17 12 1.92583388863
17 38 1.92666430801
17 39 1.9286294307
17 56 1.92872246179
17 51 1.93210204945
17 25 inf
17 48 inf
17 52 inf
17 53 inf
17 55 inf
17 64 inf
17 67 inf
17 87 inf
RANKED SIMILARITIES: 18
18 54 0.696030556151
18 95 0.742817468075
18 83 0.794279407908
18 44 0.799590110293
18 63 0.819143464141
18 97 0.820876444325
18 94 0.842705786017
18 32 0.870752670934
18 16 0.891451110101
18 8 0.945001672175
18 89 0.955925642469
18 3 0.961186465732
18 14 0.962066198716
18 73 0.963472699318
18 33 0.970566235041
18 6 0.985973307216
18 68 0.992280896454
18 51 0.993535840367
18 40 0.994952109319
18 7 0.999031221624
18 31 1.02688416905
18 69 1.06641347398
18 45 1.10396132905
18 37 1.10746626802
18 79 1.2195026189
18 76 1.24384946208
18 75 1.29755840906
18 92 1.32226807078
18 88 1.33978948101
18 41 1.49642402566
18 27 1.51695922512
18 71 1.56769973187
18 34 1.6057609159
18 2 1.60649028748
18 91 1.69058351236
18 78 1.70636102626
18 58 1.71250220554
18 72 1.72857698966
18 35 1.7864563883
18 82 1.78845532067
18 15 1.79294406081
18 80 1.7950339851
18 90 1.79561411054
18 20 1.80911989678
18 30 1.81580541714
18 47 1.82652842584
18 12 1.82931130573
18 26 1.84190492943
18 59 1.85258216502
18 62 1.85276282042
18 57 1.8537684837
18 93 1.86442548891
18 77 1.86483080244
18 46 1.86698452378
18 96 1.87621911426
18 43 1.88041280156
18 66 1.8830167243
18 65 1.8895769984
18 29 1.89347704693
18 74 1.89417447815
18 49 1.89583487968
18 17 1.89638245189
18 85 1.89905503279
18 86 1.90055369966
18 61 1.90105645474
18 24 1.90129151996
18 28 1.901627372
18 70 1.90227345872
18 42 1.90305659224
18 22 1.90341579367
18 23 1.90517946843
18 10 1.91542287422
18 5 1.91829716022
18 84 1.91944106078
18 81 1.92353988253
18 4 1.92518516585
18 11 1.92540700018
18 36 1.92607139131
18 60 1.92971363989
18 50 1.9304480633
18 9 1.93124741458
18 21 1.93261889756
18 13 1.93568092286
18 19 1.93612154446
18 38 1.93844850156
18 39 1.94041362424
18 56 1.94050665533
18 25 inf
18 48 inf
18 52 inf
18 53 inf
18 55 inf
18 64 inf
18 67 inf
18 87 inf
RANKED SIMILARITIES: 19
19 4 0.241575007093
19 82 0.329243457652
19 15 0.392571026812
19 47 0.518577183294
19 9 0.818887527825
19 6 1.01216295006
19 65 1.14784767325
19 78 1.18181374084
19 5 1.21838733552
19 85 1.2475303608
19 95 1.25885106841
19 29 1.28082889417
19 92 1.35021738576
19 12 1.36039540999
19 13 1.36842493809
19 91 1.41459211203
19 56 1.42040773473
19 27 1.5449085401
19 71 1.59564904685
19 2 1.6154142764
19 76 1.68358528036
19 44 1.71578279166
19 63 1.72725326266
19 58 1.74045710456
19 83 1.77832060877
19 32 1.78525320408
19 97 1.81177202815
19 80 1.82298888412
19 90 1.82356900956
19 94 1.83889442288
19 7 1.83897208893
19 30 1.84376031616
19 26 1.86985982846
19 75 1.87156638747
19 59 1.88053706405
19 62 1.88071771945
19 57 1.88172338272
19 88 1.88525802001
19 89 1.88620689233
19 73 1.88896100598
19 93 1.89238038793
19 77 1.89278570146
19 46 1.89493942281
19 68 1.89708113433
19 33 1.90309949581
19 8 1.90345685327
19 96 1.90417401329
19 20 1.90577870018
19 43 1.90836770058
19 35 1.91024170782
19 66 1.91097590506
19 37 1.91302662264
19 79 1.9152600927
19 74 1.92212937717
19 49 1.92378419466
19 17 1.92433176687
19 45 1.92592289992
19 86 1.92850859869
19 61 1.92901135377
19 24 1.92924641899
19 28 1.92958227102
19 70 1.93022835775
19 42 1.93101149126
19 22 1.93138071099
19 31 1.93183732968
19 23 1.93313436745
19 18 1.93612154446
19 14 1.93835771543
19 10 1.94337777325
19 16 1.94571789191
19 84 1.9473959598
19 41 1.94905849961
19 54 1.94952123313
19 3 1.94956287006
19 81 1.95149478156
19 72 1.95164739899
19 11 1.9533618992
19 36 1.95402629034
19 34 1.9552789758
19 60 1.9576862252
19 50 1.95840296233
19 21 1.96057379658
19 69 1.96262550858
19 38 1.96640340058
19 39 1.96836852326
19 51 1.97184114202
19 40 1.97303316843
19 25 inf
19 48 inf
19 52 inf
19 53 inf
19 55 inf
19 64 inf
19 67 inf
19 87 inf
RANKED SIMILARITIES: 20
20 92 0.722261032525
20 27 0.760759528536
20 71 0.78616907261
20 58 0.948596923286
20 6 0.955630462943
20 26 1.08048503472
20 46 1.08867015297
20 93 1.1010786496
20 59 1.10118461194
20 66 1.11526819547
20 24 1.12818756037
20 95 1.13026244827
20 70 1.13045299711
20 17 1.13316416077
20 49 1.1399728273
20 61 1.14407703391
20 35 1.15201111988
20 36 1.16347859888
20 40 1.16875421077
20 11 1.16930052675
20 22 1.23617301251
20 23 1.30258340367
20 76 1.5247350969
20 2 1.57534454129
20 44 1.58676821781
20 63 1.59882803649
20 83 1.64991229826
20 32 1.65922648425
20 91 1.66024066809
20 78 1.67601818198
20 97 1.67740965248
20 77 1.69293809047
20 94 1.70900166542
20 7 1.71031229109
20 88 1.74050412848
20 75 1.74345907988
20 82 1.7581124764
20 89 1.75822590608
20 80 1.75904728461
20 73 1.76022527309
20 15 1.76260121654
20 90 1.76527126627
20 68 1.7682105996
20 8 1.77380720637
20 33 1.77523670484
20 3 1.78133556579
20 37 1.78474347083
20 30 1.78546257286
20 79 1.78754464818
20 47 1.79618558157
20 45 1.79988015122
20 31 1.80693986727
20 18 1.80911989678
20 14 1.8098638012
20 16 1.8172606532
20 54 1.82167811727
20 41 1.8218183684
20 62 1.82241997615
20 57 1.82342563943
20 34 1.82677776803
20 72 1.82758172304
20 69 1.83773420805
20 12 1.84150181346
20 51 1.84400295842
20 96 1.84587626999
20 60 1.84915738525
20 43 1.85006995729
20 65 1.85923415412
20 29 1.86313420266
20 74 1.86383163388
20 85 1.86869602794
20 86 1.87021085539
20 28 1.87128452773
20 42 1.87271374796
20 10 1.88508002995
20 5 1.88795431595
20 84 1.88909821651
20 81 1.89319703826
20 4 1.89471078467
20 50 1.90010521903
20 9 1.9009045703
20 21 1.90227605328
20 13 1.90533807859
20 19 1.90577870018
20 38 1.90810565728
20 39 1.91007077997
20 56 1.91016381106
20 25 inf
20 48 inf
20 52 inf
20 53 inf
20 55 inf
20 64 inf
20 67 inf
20 87 inf
RANKED SIMILARITIES: 21
21 50 0.185829696755
21 62 0.246589894835
21 84 0.330865246466
21 80 0.387641789643
21 86 0.488998096565
21 72 0.541480903457
21 6 1.01042555934
21 30 1.09348905992
21 57 1.10616824434
21 96 1.11333237381
21 38 1.14210101811
21 74 1.20879083906
21 10 1.20893988007
21 81 1.21150738011
21 95 1.25534842151
21 39 1.31173710951
21 28 1.34465486663
21 92 1.34672032291
21 43 1.39638414751
21 42 1.42634759558
21 27 1.54141147724
21 35 1.55306758531
21 71 1.59033782989
21 90 1.61351363106
21 2 1.6309425396
21 76 1.68008263346
21 44 1.71228014476
21 91 1.71503576449
21 63 1.72375061576
21 78 1.73081327838
21 58 1.73695445766
21 37 1.75337068376
21 83 1.77481796187
21 32 1.78175055718
21 97 1.80826938125
21 82 1.81290757279
21 15 1.81739631293
21 94 1.83539177598
21 7 1.83546944203
21 47 1.85098067796
21 26 1.86635718156
21 75 1.86806374057
21 59 1.87703441715
21 88 1.88175537311
21 89 1.88270424543
21 73 1.88545835908
21 93 1.88887774103
21 77 1.88928305456
21 46 1.89122589547
